sample	Chrom	start	end	class	nMaj1_A	nMin1_A	frac1_A	nMaj2_A	nMin2_A	code_batt
PD26400a	1	762601	84710840	normal	1	1	1	NA	NA	no_sub
PD26400a	1	84714419	94909862	deletion	1	0	1	NA	NA	no_sub
PD26400a	1	95293005	95621452	-	1	0	0.688445021	1	1	subclonal
PD26400a	1	95622341	97532229	deletion	1	0	1	NA	NA	no_sub
PD26400a	1	97538048	98347653	-	1	0	0.647118293	1	1	subclonal
PD26400a	1	98375448	98946471	deletion	1	0	1	NA	NA	no_sub
PD26400a	1	98948670	99605184	-	1	0	0.716990834	1	1	subclonal
PD26400a	1	99610115	120695049	deletion	1	0	1	NA	NA	no_sub
PD26400a	1	120848685	249223485	gain_2	3	1	1	NA	NA	no_sub
PD26400a	2	11320	87117407	normal	1	1	1	NA	NA	no_sub
PD26400a	2	87117882	88460399	-	1	0	0.45728636	1	1	subclonal
PD26400a	2	88463237	242959070	normal	1	1	1	NA	NA	no_sub
PD26400a	3	65982	197845233	gain	2	1	1	NA	NA	no_sub
PD26400a	4	97884	20025781	-	1	0	0.148546828	1	1	subclonal
PD26400a	4	20025985	33220461	-	1	0	0.251518297	1	1	subclonal
PD26400a	4	33221167	41570291	-	1	0	0.334676683	1	1	subclonal
PD26400a	4	41607468	72735403	-	1	0	0.208162182	1	1	subclonal
PD26400a	4	72735819	93342889	normal	1	0	0.079171708	1	1	subclona<10
PD26400a	4	93343395	190790246	-	1	0	0.227134784	1	1	subclonal
PD26400a	5	849605	116646218	gain	2	1	1	NA	NA	no_sub
PD26400a	5	116651425	137242793	-	1	1	0.161118968	2	1	subclonal
PD26400a	5	137243696	180632334	gain	2	1	1	NA	NA	no_sub
PD26400a	6	205933	58144557	gain	2	1	1	NA	NA	no_sub
PD26400a	6	58149337	61882438	normal	1	1	1	NA	NA	no_sub
PD26400a	6	61883904	67381582	gain	2	1	1	NA	NA	no_sub
PD26400a	6	67383327	68765185	normal	1	1	0.906760682	2	1	subclonal>90
PD26400a	6	68766350	72498029	deletion	1	0	1	NA	NA	no_sub
PD26400a	6	72498946	74212835	normal	1	1	1	NA	NA	no_sub
PD26400a	6	74215468	77262183	-	1	1	0.101800429	2	1	subclonal
PD26400a	6	77262823	78063022	-	1	0	0.596354095	1	1	subclonal
PD26400a	6	78063190	81306486	-	1	1	0.556559563	2	1	subclonal
PD26400a	6	81306990	87633138	normal	1	1	1	NA	NA	no_sub
PD26400a	6	87634240	166795986	deletion	1	0	1	NA	NA	no_sub
PD26400a	6	166817773	168865623	normal	1	1	1	NA	NA	no_sub
PD26400a	6	168867417	169679894	deletion	1	0	1	NA	NA	no_sub
PD26400a	6	169696898	170796724	normal	1	1	1	NA	NA	no_sub
PD26400a	6	170811830	170985493	-	1	0	0.736739469	1	1	subclonal
PD26400a	7	80239	159088276	normal	1	1	1	NA	NA	no_sub
PD26400a	8	159286	94279046	normal	1	1	1	NA	NA	no_sub
PD26400a	8	94279116	97007685	-	1	0	0.449981196	1	1	subclonal
PD26400a	8	97008172	129394611	normal	1	1	1	NA	NA	no_sub
PD26400a	8	129397181	130885528	-	1	0	0.458697403	1	1	subclonal
PD26400a	8	130896441	146301152	normal	1	1	1	NA	NA	no_sub
PD26400a	9	203937	8743085	gain	2	1	1	NA	NA	no_sub
PD26400a	9	8744642	8973775	normal	1	1	1	NA	NA	no_sub
PD26400a	9	8973897	36861819	gain	2	1	1	NA	NA	no_sub
PD26400a	9	36863033	36922924	Whole_chromosome_duplication	2	2	1	NA	NA	no_sub
PD26400a	9	36924649	141069765	-	2	1	0.801991444	3	1	subclonal
PD26400a	10	117498	135235689	normal	1	1	1	NA	NA	no_sub
PD26400a	11	202547	134940252	normal	1	1	1	NA	NA	no_sub
PD26400a	12	188285	11234095	normal	1	1	0.956793039	2	1	subclonal>90
PD26400a	12	11234323	13007692	-	1	0	0.197829521	1	1	subclonal
PD26400a	12	13008488	18449955	normal	1	1	1	NA	NA	no_sub
PD26400a	12	18451065	18735124	-	1	0	0.880395365	1	1	subclonal
PD26400a	12	18738281	34420078	normal	1	1	1	NA	NA	no_sub
PD26400a	12	34450184	38256316	-	2	0	0.457907653	2	1	subclonal
PD26400a	12	38258357	133839356	normal	1	1	1	NA	NA	no_sub
PD26400a	13	19449788	30215221	-	1	0	0.873933044	1	1	subclonal
PD26400a	13	30222822	36327866	-	1	0	0.12953087	1	1	subclonal
PD26400a	13	36328245	42517821	normal	1	1	1	NA	NA	no_sub
PD26400a	13	42518878	48125136	-	1	0	0.454565896	1	1	subclonal
PD26400a	13	48125359	67288143	-	1	0	0.535391796	1	1	subclonal
PD26400a	13	67295693	115081935	normal	1	0	0.043354216	1	1	subclona<10
PD26400a	14	20425051	69254255	normal	1	1	1	NA	NA	no_sub
PD26400a	14	69257858	106019014	deletion	1	0	1	NA	NA	no_sub
PD26400a	14	107183620	107289436	-	1	1	0.823045537	2	1	subclonal
PD26400a	15	20001774	102388991	normal	1	1	1	NA	NA	no_sub
PD26400a	16	83802	31738037	normal	1	1	1	NA	NA	no_sub
PD26400a	16	31742793	31979641	LOH	2	0	1	NA	NA	no_sub
PD26400a	16	33818206	34001694	normal	1	1	1	NA	NA	no_sub
PD26400a	16	34197985	34468930	deletion	1	0	1	NA	NA	no_sub
PD26400a	16	34564421	35032947	normal	1	1	1	NA	NA	no_sub
PD26400a	16	35043157	90165964	LOH	2	0	1	NA	NA	no_sub
PD26400a	17	1665	81151920	normal	1	1	1	NA	NA	no_sub
PD26400a	18	125371	77972066	gain	2	1	1	NA	NA	no_sub
PD26400a	19	226776	59097308	gain	2	1	1	NA	NA	no_sub
PD26400a	20	61098	62955706	normal	1	1	1	NA	NA	no_sub
PD26400a	21	15273232	37477551	normal	1	1	1	NA	NA	no_sub
PD26400a	21	37483799	37621375	gain	2	1	1	NA	NA	no_sub
PD26400a	21	37622498	48100388	normal	1	1	1	NA	NA	no_sub
PD26400a	22	16600330	51237063	normal	1	1	1	NA	NA	no_sub
PD26400a	X	1453500	5257351	deletion	1	0	1	NA	NA	no_sub
PD26400a	X	5382528	146831127	-	2	0	0.473637309	2	1	subclonal
PD26400a	X	147044253	151328037	gain	2	1	1	NA	NA	no_sub
PD26400a	X	151414481	155231210	deletion	1	0	1	NA	NA	no_sub
PD26401a	1	768253	86042576	deletion	1	0	1	NA	NA	no_sub
PD26401a	1	86044484	154580834	normal	1	1	1	NA	NA	no_sub
PD26401a	1	154590652	183166582	gain	2	1	1	NA	NA	no_sub
PD26401a	1	183166783	199408992	-	2	0	0.652868256	2	1	subclonal
PD26401a	1	199410542	249216384	gain	2	1	1	NA	NA	no_sub
PD26401a	2	15959	89130009	normal	1	1	1	NA	NA	no_sub
PD26401a	2	89139214	89323312	deletion	1	0	1	NA	NA	no_sub
PD26401a	2	92036167	242955889	normal	1	1	1	NA	NA	no_sub
PD26401a	3	60596	116378786	normal	1	0	0.082392006	1	1	subclona<10
PD26401a	3	116453593	118391550	gain	2	0	0.080234209	2	1	subclona<10
PD26401a	3	118402091	197845233	normal	1	0	0.08210049	1	1	subclona<10
PD26401a	4	69567	190790246	normal	1	0	0.082144443	1	1	subclona<10
PD26401a	5	851582	29494265	-	1	0	0.108989731	1	1	subclonal
PD26401a	5	29494741	87072058	normal	1	1	1	NA	NA	no_sub
PD26401a	5	87093809	92041528	-	1	0	0.511206447	1	1	subclonal
PD26401a	5	92043764	98186545	normal	1	1	1	NA	NA	no_sub
PD26401a	5	98192465	168402223	-	1	0	0.524079717	1	1	subclonal
PD26401a	5	168404883	180706525	normal	1	1	1	NA	NA	no_sub
PD26401a	6	205800	170985663	normal	1	0	0.073616086	1	1	subclona<10
PD26401a	7	83177	159128550	normal	1	1	1	NA	NA	no_sub
PD26401a	8	159286	146300622	-	1	0	0.1062453	1	1	subclonal
PD26401a	9	204850	113647808	normal	1	1	1	NA	NA	no_sub
PD26401a	9	113648136	113688446	-	1	0	0.654399193	1	1	subclonal
PD26401a	9	113689630	139454210	normal	1	1	1	NA	NA	no_sub
PD26401a	9	139483954	140216247	deletion	1	0	1	NA	NA	no_sub
PD26401a	9	140227657	141068960	-	1	0	0.124096473	1	1	subclonal
PD26401a	10	90127	134402759	normal	1	0	0.078902451	1	1	subclona<10
PD26401a	10	134402784	135235890	-	1	1	0.33994651	2	1	subclonal
PD26401a	11	199813	134945709	normal	1	1	1	NA	NA	no_sub
PD26401a	12	188285	133839356	normal	1	0	0.08283415	1	1	subclona<10
PD26401a	13	19449788	115060370	deletion	1	0	1	NA	NA	no_sub
PD26401a	14	20433516	53119462	normal	1	0	0.088914734	1	1	subclona<10
PD26401a	14	53121648	81024368	-	1	0	0.318599675	1	1	subclonal
PD26401a	14	81024602	107289436	-	1	0	0.112873868	1	1	subclonal
PD26401a	15	20029688	102431166	normal	1	1	1	NA	NA	no_sub
PD26401a	16	83807	35230841	normal	1	1	1	NA	NA	no_sub
PD26401a	16	35233709	63837945	-	1	1	0.625037249	2	1	subclonal
PD26401a	16	63838887	90166109	-	1	0	0.530146386	1	1	subclonal
PD26401a	17	5687	81163027	normal	1	1	1	NA	NA	no_sub
PD26401a	18	125371	78017073	normal	1	1	1	NA	NA	no_sub
PD26401a	19	253760	59088607	normal	1	0	0.063488858	1	1	subclona<10
PD26401a	20	60828	62955706	normal	1	1	1	NA	NA	no_sub
PD26401a	21	15273535	48101335	normal	1	1	1	NA	NA	no_sub
PD26401a	22	16620357	51226633	normal	1	0	0.049231176	1	1	subclona<10
PD26401a	X	1455800	5599893	deletion	1	0	1	NA	NA	no_sub
PD26401a	X	5907116	124455537	-	1	0	0.804549549	1	1	subclonal
PD26401a	X	124518015	155226657	-	3	0	0.822718635	3	1	subclonal
PD26403a	1	776546	121345296	normal	1	1	1	NA	NA	no_sub
PD26403a	1	145376198	249201480	gain	2	1	1	NA	NA	no_sub
PD26403a	2	18506	242978945	normal	1	1	1	NA	NA	no_sub
PD26403a	3	60596	197825014	-	1	1	0.749012056	2	1	subclonal
PD26403a	4	81303	190790246	normal	1	1	1	NA	NA	no_sub
PD26403a	5	849061	173065880	Whole_chromosome_duplication	2	2	1	NA	NA	no_sub
PD26403a	5	173086870	173244401	-	2	1	0.862092629	2	2	subclonal
PD26403a	5	173244510	180685900	Whole_chromosome_duplication	2	2	1	NA	NA	no_sub
PD26403a	6	209980	97740177	gain	2	1	1	NA	NA	no_sub
PD26403a	6	97741581	170878886	normal	1	1	1	NA	NA	no_sub
PD26403a	7	80500	51136919	-	2	1	0.10295294	2	2	subclonal
PD26403a	7	51137087	159123286	gain	2	1	1	NA	NA	no_sub
PD26403a	8	155757	33530099	-	1	0	0.57645856	1	1	subclonal
PD26403a	8	33530322	146300622	normal	1	1	1	NA	NA	no_sub
PD26403a	9	203761	141058424	gain	2	1	1	NA	NA	no_sub
PD26403a	10	167134	135235890	normal	1	1	1	NA	NA	no_sub
PD26403a	11	196944	134945454	normal	1	1	1	NA	NA	no_sub
PD26403a	12	197129	133801207	LOH	2	0	1	NA	NA	no_sub
PD26403a	13	19478607	115095705	deletion	1	0	1	NA	NA	no_sub
PD26403a	14	20425051	42711651	normal	1	1	1	NA	NA	no_sub
PD26403a	14	42711822	42825497	-	0	0	0.24988898	1	0	subclonal
PD26403a	14	42828234	107289436	normal	1	1	1	NA	NA	no_sub
PD26403a	15	20037601	102431166	gain	2	1	1	NA	NA	no_sub
PD26403a	16	92370	90163275	normal	1	1	1	NA	NA	no_sub
PD26403a	17	3104	81130897	normal	1	1	1	NA	NA	no_sub
PD26403a	18	125632	78001550	normal	1	1	1	NA	NA	no_sub
PD26403a	19	226776	59096950	gain	2	1	1	NA	NA	no_sub
PD26403a	20	74281	62917729	normal	1	1	1	NA	NA	no_sub
PD26403a	21	15273232	48101335	gain	2	1	1	NA	NA	no_sub
PD26403a	22	16624446	51208537	deletion	1	0	1	NA	NA	no_sub
PD26403a	X	1453839	116416889	deletion	1	0	1	NA	NA	no_sub
PD26403a	X	116419723	155221513	-	1	0	0.488278659	2	0	subclonal
PD26404a	1	774897	178268227	normal	1	1	1	NA	NA	no_sub
PD26404a	1	178301891	178656834	-	1	1	0.151051152	2	1	subclonal
PD26404a	1	178670577	249196349	normal	1	1	1	NA	NA	no_sub
PD26404a	2	19803	64336589	normal	1	1	1	NA	NA	no_sub
PD26404a	2	64342469	64530894	gain	2	1	1	NA	NA	no_sub
PD26404a	2	64530934	89159694	normal	1	1	1	NA	NA	no_sub
PD26404a	2	89161322	89320980	deletion	1	0	1	NA	NA	no_sub
PD26404a	2	91925461	242885099	normal	1	1	1	NA	NA	no_sub
PD26404a	3	108162	6511781	gain	2	1	1	NA	NA	no_sub
PD26404a	3	6519515	12374963	normal	1	1	1	NA	NA	no_sub
PD26404a	3	12448065	15094351	gain	2	1	1	NA	NA	no_sub
PD26404a	3	15096824	82146546	normal	1	1	1	NA	NA	no_sub
PD26404a	3	82187637	197842892	gain	2	1	1	NA	NA	no_sub
PD26404a	4	11870	190790246	normal	1	1	1	NA	NA	no_sub
PD26404a	5	849504	180658843	gain	2	1	1	NA	NA	no_sub
PD26404a	6	202777	170919735	normal	1	1	1	NA	NA	no_sub
PD26404a	7	81237	159078308	gain	2	1	1	NA	NA	no_sub
PD26404a	8	155757	129097523	normal	1	1	1	NA	NA	no_sub
PD26404a	8	129099069	129298752	gain	2	1	1	NA	NA	no_sub
PD26404a	8	129299237	146282516	normal	1	1	1	NA	NA	no_sub
PD26404a	9	213347	141069463	Whole_chromosome_duplication	2	2	1	NA	NA	no_sub
PD26404a	10	94426	135235890	LOH	2	0	1	NA	NA	no_sub
PD26404a	11	202072	134939568	gain	2	1	1	NA	NA	no_sub
PD26404a	12	191525	124174365	normal	1	1	1	NA	NA	no_sub
PD26404a	12	124174656	126078220	deletion	1	0	1	NA	NA	no_sub
PD26404a	12	126151064	133832256	normal	1	1	1	NA	NA	no_sub
PD26404a	13	19449788	115108993	normal	1	1	1	NA	NA	no_sub
PD26404a	14	20433516	107283598	normal	1	1	1	NA	NA	no_sub
PD26404a	15	20001774	102385044	Whole_chromosome_duplication	2	2	1	NA	NA	no_sub
PD26404a	16	83802	35263231	normal	1	1	1	NA	NA	no_sub
PD26404a	16	46501871	90114237	deletion	1	0	1	NA	NA	no_sub
PD26404a	17	2041	81153311	normal	1	1	1	NA	NA	no_sub
PD26404a	18	125441	78000771	normal	1	1	1	NA	NA	no_sub
PD26404a	19	158847	59091717	gain	2	1	1	NA	NA	no_sub
PD26404a	20	68749	17157448	normal	1	1	1	NA	NA	no_sub
PD26404a	20	17200221	17451220	deletion	1	0	1	NA	NA	no_sub
PD26404a	20	17485366	62917729	normal	1	1	1	NA	NA	no_sub
PD26404a	21	15273443	48101335	gain	2	1	1	NA	NA	no_sub
PD26404a	22	16568293	23200527	normal	1	1	1	NA	NA	no_sub
PD26404a	22	23202063	23372938	gain	2	1	1	NA	NA	no_sub
PD26404a	22	23373312	51229805	normal	1	1	1	NA	NA	no_sub
PD26404a	X	1453839	2699246	-	1	1	0.857687747	2	1	subclonal
PD26404a	X	5466841	152795581	deletion	1	0	1	NA	NA	no_sub
PD26404a	X	153235504	155230458	normal	1	1	1	NA	NA	no_sub
PD26405a	1	776546	150452912	normal	1	1	1	NA	NA	no_sub
PD26405a	1	150453296	195179444	-	2	2	0.82896048	3	2	subclonal
PD26405a	1	195186181	196698651	-	2	1	0.716800249	2	2	subclonal
PD26405a	1	196700322	239421974	-	1	1	0.780289706	2	1	subclonal
PD26405a	1	239429031	249172187	gain	2	1	1	NA	NA	no_sub
PD26405a	2	16078	11684405	-	1	1	0.423303496	2	1	subclonal
PD26405a	2	11685558	38205701	normal	1	1	1	NA	NA	no_sub
PD26405a	2	38206176	72105601	gain	2	1	1	NA	NA	no_sub
PD26405a	2	72108222	88728540	normal	1	1	1	NA	NA	no_sub
PD26405a	2	88733791	89159694	deletion	1	0	1	NA	NA	no_sub
PD26405a	2	89161322	242985493	normal	1	1	1	NA	NA	no_sub
PD26405a	3	60596	197846280	normal	1	1	1	NA	NA	no_sub
PD26405a	4	69567	1864446	deletion	1	0	0.986018021	1	1	subclonal>90
PD26405a	4	1864592	7672424	LOH	2	0	1	NA	NA	no_sub
PD26405a	4	7679806	26806736	deletion	1	0	1	NA	NA	no_sub
PD26405a	4	26808829	42274705	normal	1	1	1	NA	NA	no_sub
PD26405a	4	42275691	42642926	gain	1	1	0.098819711	2	1	subclona<10
PD26405a	4	42643531	44127020	normal	1	1	1	NA	NA	no_sub
PD26405a	4	44148224	46041957	gain	2	1	1	NA	NA	no_sub
PD26405a	4	46055623	49011662	normal	1	1	1	NA	NA	no_sub
PD26405a	4	49012132	49092676	deletion	1	0	0.955174807	1	1	subclonal>90
PD26405a	4	52697856	190778529	normal	1	1	1	NA	NA	no_sub
PD26405a	5	850203	94406197	normal	1	1	1	NA	NA	no_sub
PD26405a	5	94409482	119971920	-	1	0	0.150817752	1	1	subclonal
PD26405a	5	119972112	131991032	-	1	0	0.420663814	1	1	subclonal
PD26405a	5	131991656	180711553	normal	1	1	1	NA	NA	no_sub
PD26405a	6	206092	46017626	-	1	1	0.766564718	2	1	subclonal
PD26405a	6	46018520	91540472	normal	1	1	1	NA	NA	no_sub
PD26405a	6	91540478	132325759	-	1	0	0.514058167	1	1	subclonal
PD26405a	6	132326108	170915316	-	1	0	0.311765489	1	1	subclonal
PD26405a	7	80500	24207418	-	1	0	0.501656465	1	1	subclonal
PD26405a	7	24244627	71902975	normal	1	1	1	NA	NA	no_sub
PD26405a	7	71903092	142275743	-	1	1	0.862205184	2	1	subclonal
PD26405a	7	142335166	142494606	deletion	1	0	1	NA	NA	no_sub
PD26405a	7	142495126	159127909	-	1	1	0.866438661	2	1	subclonal
PD26405a	8	143207	19939049	-	1	0	0.120810271	1	1	subclonal
PD26405a	8	19949548	26867994	-	1	0	0.185043678	1	1	subclonal
PD26405a	8	26868073	52260285	normal	1	1	1	NA	NA	no_sub
PD26405a	8	52290805	146301152	-	1	1	0.675266704	2	1	subclonal
PD26405a	9	270321	141069765	normal	1	1	1	NA	NA	no_sub
PD26405a	10	90127	2421341	-	1	0	0.178436348	1	1	subclonal
PD26405a	10	2422803	126568863	normal	1	1	1	NA	NA	no_sub
PD26405a	10	126581842	135231600	-	1	0	0.51673556	1	1	subclonal
PD26405a	11	200948	134939568	normal	1	1	1	NA	NA	no_sub
PD26405a	12	207691	10772219	normal	1	1	1	NA	NA	no_sub
PD26405a	12	10772983	22247282	-	1	0	0.237765564	1	1	subclonal
PD26405a	12	22247403	25377692	-	1	0	0.356829519	1	1	subclonal
PD26405a	12	25378869	115404207	normal	1	1	1	NA	NA	no_sub
PD26405a	12	115404618	133811705	-	1	1	0.890587088	2	1	subclonal
PD26405a	13	19466717	115093767	deletion	1	0	1	NA	NA	no_sub
PD26405a	14	20437981	51320804	normal	1	1	1	NA	NA	no_sub
PD26405a	14	51321765	89907134	-	1	0	0.500231058	1	1	subclonal
PD26405a	14	89907291	106008316	normal	1	1	1	NA	NA	no_sub
PD26405a	14	107184358	107218563	LOH_2	3	0	1	NA	NA	no_sub
PD26405a	14	107220692	107283598	gain	2	1	1	NA	NA	no_sub
PD26405a	15	20001774	32795834	normal	1	1	1	NA	NA	no_sub
PD26405a	15	32798519	58348173	-	1	1	0.517474355	2	1	subclonal
PD26405a	15	58349568	102431166	-	1	1	0.401983712	2	1	subclonal
PD26405a	16	84170	6188571	-	1	0	0.256818423	1	1	subclonal
PD26405a	16	6188724	90166109	normal	1	1	1	NA	NA	no_sub
PD26405a	17	2041	66941841	normal	1	1	1	NA	NA	no_sub
PD26405a	17	66941963	81130897	normal	1	0	0.090545339	1	1	subclona<10
PD26405a	18	125371	71295015	normal	1	1	1	NA	NA	no_sub
PD26405a	18	71297974	71369167	-	1	0	0.593550565	1	1	subclonal
PD26405a	18	71371602	77991401	normal	1	1	1	NA	NA	no_sub
PD26405a	19	245631	59096950	normal	1	1	0.945956348	2	1	subclonal>90
PD26405a	20	61098	62917729	normal	1	1	1	NA	NA	no_sub
PD26405a	21	15280652	48101335	normal	1	1	1	NA	NA	no_sub
PD26405a	22	16852667	51211106	normal	1	0	0.045255368	1	1	subclona<10
PD26405a	X	1463471	155238153	deletion	1	0	1	NA	NA	no_sub
PD26406a	1	776546	121225970	normal	1	1	1	NA	NA	no_sub
PD26406a	1	121244088	249202674	gain	2	0	0.082713151	2	1	subclona<10
PD26406a	2	18008	26097607	normal	1	1	1	NA	NA	no_sub
PD26406a	2	26098259	84855366	-	1	1	0.426438928	2	1	subclonal
PD26406a	2	84857616	89128221	normal	1	1	1	NA	NA	no_sub
PD26406a	2	89134065	89166249	deletion	1	0	1	NA	NA	no_sub
PD26406a	2	89182246	242985695	normal	1	1	1	NA	NA	no_sub
PD26406a	3	77465	197842892	normal	1	1	1	NA	NA	no_sub
PD26406a	4	69567	1799490	deletion	1	0	0.978313348	1	1	subclonal>90
PD26406a	4	1833793	190788326	normal	1	1	1	NA	NA	no_sub
PD26406a	5	852946	900096	LOH	2	0	1	NA	NA	no_sub
PD26406a	5	901568	180687907	normal	1	1	1	NA	NA	no_sub
PD26406a	6	209033	138906732	normal	1	1	1	NA	NA	no_sub
PD26406a	6	138907488	170867747	-	1	0	0.430836676	1	1	subclonal
PD26406a	7	80500	159005987	normal	1	1	1	NA	NA	no_sub
PD26406a	8	155757	146282516	normal	1	1	1	NA	NA	no_sub
PD26406a	9	203937	9747960	normal	1	1	1	NA	NA	no_sub
PD26406a	9	9748172	9843770	-	1	0	0.734032219	1	1	subclonal
PD26406a	9	9845557	141068960	normal	1	1	1	NA	NA	no_sub
PD26406a	10	94426	135235890	normal	1	1	1	NA	NA	no_sub
PD26406a	11	196944	134944606	normal	1	1	1	NA	NA	no_sub
PD26406a	12	188285	34338905	normal	1	1	1	NA	NA	no_sub
PD26406a	12	34409622	38400451	gain	2	1	1	NA	NA	no_sub
PD26406a	12	38421915	133832256	normal	1	1	1	NA	NA	no_sub
PD26406a	13	19455253	61459717	-	0	0	0.223063843	1	0	subclonal
PD26406a	13	61460141	115098167	deletion	1	0	1	NA	NA	no_sub
PD26406a	14	20453792	107191176	deletion	1	0	1	NA	NA	no_sub
PD26406a	14	107191667	107289436	normal	1	1	1	NA	NA	no_sub
PD26406a	15	20044342	102426739	normal	1	1	1	NA	NA	no_sub
PD26406a	16	83807	90166109	normal	1	1	1	NA	NA	no_sub
PD26406a	17	1389	81109537	normal	1	1	1	NA	NA	no_sub
PD26406a	18	125371	78017073	normal	1	1	1	NA	NA	no_sub
PD26406a	19	226776	59091717	normal	1	1	0.950679229	2	1	subclonal>90
PD26406a	20	63231	62958306	normal	1	1	1	NA	NA	no_sub
PD26406a	21	15273600	48089602	normal	1	1	1	NA	NA	no_sub
PD26406a	22	16860036	51208537	normal	1	1	1	NA	NA	no_sub
PD26406a	X	1453839	2698923	normal	1	1	0.901067961	2	1	subclonal>90
PD26406a	X	5029393	17741918	deletion	1	0	1	NA	NA	no_sub
PD26406a	X	19139644	21985174	-	1	0	0.817410183	1	1	subclonal
PD26406a	X	22121423	99564485	deletion	1	0	1	NA	NA	no_sub
PD26406a	X	99858395	100344522	gain	2	1	1	NA	NA	no_sub
PD26406a	X	100543918	154933691	-	1	0	0.80617496	1	1	subclonal
PD26406a	X	154934295	155090081	normal	1	1	1	NA	NA	no_sub
PD26407a	1	763091	249209140	normal	1	1	1	NA	NA	no_sub
PD26407a	2	10763	242925369	normal	1	1	1	NA	NA	no_sub
PD26407a	3	60363	197842892	LOH	2	0	1	NA	NA	no_sub
PD26407a	4	69955	190778694	normal	1	1	1	NA	NA	no_sub
PD26407a	5	855091	180722682	gain	2	1	1	NA	NA	no_sub
PD26407a	6	205920	170921585	LOH	2	0	1	NA	NA	no_sub
PD26407a	7	80500	159122935	normal	1	1	1	NA	NA	no_sub
PD26407a	8	155757	146300287	deletion	1	0	1	NA	NA	no_sub
PD26407a	9	203761	141068960	gain	2	1	1	NA	NA	no_sub
PD26407a	10	95096	135208612	normal	1	1	1	NA	NA	no_sub
PD26407a	11	197557	134945797	gain	2	1	1	NA	NA	no_sub
PD26407a	12	188285	34454506	normal	1	1	1	NA	NA	no_sub
PD26407a	12	34459717	38342146	LOH	2	0	1	NA	NA	no_sub
PD26407a	12	38435941	133839143	normal	1	1	1	NA	NA	no_sub
PD26407a	13	19449788	115106996	deletion	1	0	1	NA	NA	no_sub
PD26407a	14	20437981	107286232	normal	1	1	1	NA	NA	no_sub
PD26407a	15	20001712	102431166	gain	2	1	1	NA	NA	no_sub
PD26407a	16	83807	90166109	normal	1	1	1	NA	NA	no_sub
PD26407a	17	50911	81163027	normal	1	1	1	NA	NA	no_sub
PD26407a	18	125371	78015230	normal	1	1	1	NA	NA	no_sub
PD26407a	19	252591	59091717	gain	2	1	1	NA	NA	no_sub
PD26407a	20	72719	62955706	normal	1	1	1	NA	NA	no_sub
PD26407a	21	15273443	48101335	gain	2	1	1	NA	NA	no_sub
PD26407a	22	16606881	51229855	normal	1	1	0.927571243	2	1	subclonal>90
PD26407a	X	1454398	2586623	LOH	2	0	1	NA	NA	no_sub
PD26407a	X	2588084	2646433	LOH	2	0	1	NA	NA	no_sub
PD26407a	X	2650663	155231210	-	4	0	0.294896841	4	1	subclonal
PD26408a	1	828166	121350213	normal	1	1	1	NA	NA	no_sub
PD26408a	1	144896319	249172187	gain	2	1	1	NA	NA	no_sub
PD26408a	2	11274	242979500	normal	1	1	1	NA	NA	no_sub
PD26408a	3	60596	76001133	-	1	1	0.42079175	2	1	subclonal
PD26408a	3	76001946	77422698	-	1	1	0.864152893	2	1	subclonal
PD26408a	3	77424098	96421019	-	1	1	0.387057977	2	1	subclonal
PD26408a	3	96421422	97190472	-	1	1	0.85813375	2	1	subclonal
PD26408a	3	97190693	197842892	-	1	1	0.422259921	2	1	subclonal
PD26408a	4	69567	49091044	normal	1	1	1	NA	NA	no_sub
PD26408a	4	52660358	53149788	-	1	0	0.483803066	1	1	subclonal
PD26408a	4	53151217	57071497	normal	1	1	1	NA	NA	no_sub
PD26408a	4	57071639	64574601	-	1	0	0.440698422	1	1	subclonal
PD26408a	4	64574945	64819019	normal	1	1	1	NA	NA	no_sub
PD26408a	4	64883010	101237311	-	1	0	0.462192228	1	1	subclonal
PD26408a	4	101243559	190766326	normal	1	1	1	NA	NA	no_sub
PD26408a	5	850203	180715810	gain	2	1	1	NA	NA	no_sub
PD26408a	5	130153564	130588008	-	1	1	0.720342706	2	1	subclonal
PD26408a	5	130588550	180715810	-	2	1	1	NA	NA	no_sub
PD26408a	6	143834	170918194	normal	1	1	1	NA	NA	no_sub
PD26408a	7	82180	159077489	normal	1	1	1	NA	NA	no_sub
PD26408a	8	155757	3993478	-	1	0	0.204510097	1	1	subclonal
PD26408a	8	3993581	14275001	normal	1	0	0.078802133	1	1	subclona<10
PD26408a	8	14275444	47551256	-	1	0	0.161379445	1	1	subclonal
PD26408a	8	47551652	146301152	normal	1	1	1	NA	NA	no_sub
PD26408a	9	203937	141068960	gain	2	1	1	NA	NA	no_sub
PD26408a	10	93528	135231600	normal	1	1	1	NA	NA	no_sub
PD26408a	11	196944	80595045	gain	2	1	1	NA	NA	no_sub
PD26408a	11	80595183	101160282	-	2	0	0.466919289	2	1	subclonal
PD26408a	11	101173096	134897743	gain	2	1	1	NA	NA	no_sub
PD26408a	12	188285	133839356	normal	1	1	1	NA	NA	no_sub
PD26408a	13	19465036	115108993	normal	1	1	1	NA	NA	no_sub
PD26408a	14	20425051	105409907	normal	1	1	1	NA	NA	no_sub
PD26408a	14	105409942	105419073	LOH_3	4	0	1	NA	NA	no_sub
PD26408a	14	105419234	107287250	normal	1	1	1	NA	NA	no_sub
PD26408a	15	20001774	102431166	gain	2	1	1	NA	NA	no_sub
PD26408a	16	83807	90173172	normal	1	1	1	NA	NA	no_sub
PD26408a	17	1869	81153311	normal	1	1	1	NA	NA	no_sub
PD26408a	18	132649	77991401	normal	1	1	1	NA	NA	no_sub
PD26408a	19	245631	2484379	LOH_2	3	0	1	NA	NA	no_sub
PD26408a	19	2488144	18447688	Whole_chromosome_duplication	3	2	1	NA	NA	no_sub
PD26408a	19	18448105	59097308	gain	2	1	1	NA	NA	no_sub
PD26408a	20	61098	62955706	normal	1	1	1	NA	NA	no_sub
PD26408a	21	15273817	48101335	gain	2	1	1	NA	NA	no_sub
PD26408a	22	16601048	51237063	normal	1	1	1	NA	NA	no_sub
PD26408a	X	1453839	2699246	normal	1	1	0.906784234	2	1	subclonal>90
PD26408a	X	5931998	73773443	deletion	1	0	1	NA	NA	no_sub
PD26408a	X	73798578	80672906	normal	1	1	1	NA	NA	no_sub
PD26408a	X	82062549	153251684	deletion	1	0	1	NA	NA	no_sub
PD26408a	X	153634457	155233925	normal	1	1	1	NA	NA	no_sub
PD26409a	1	776546	85385584	normal	1	1	1	NA	NA	no_sub
PD26409a	1	85388878	102002351	-	1	0	0.818158553	1	1	subclonal
PD26409a	1	102002360	249135288	normal	1	1	1	NA	NA	no_sub
PD26409a	2	11274	888760	-	1	0	0.200771856	1	1	subclonal
PD26409a	2	905967	1366545	LOH	2	0	1	NA	NA	no_sub
PD26409a	2	1393169	89161322	normal	1	1	1	NA	NA	no_sub
PD26409a	2	89161932	89323312	deletion	1	0	1	NA	NA	no_sub
PD26409a	2	92045411	242985695	normal	1	1	1	NA	NA	no_sub
PD26409a	3	60799	197808714	normal	1	1	1	NA	NA	no_sub
PD26409a	4	11870	190790246	normal	1	1	1	NA	NA	no_sub
PD26409a	5	852691	180722682	gain	2	1	1	NA	NA	no_sub
PD26409a	6	206092	170921585	normal	1	1	1	NA	NA	no_sub
PD26409a	7	80500	159122935	gain	2	1	1	NA	NA	no_sub
PD26409a	7	69939869	70389910	normal	1	1	1	NA	NA	no_sub
PD26409a	7	70390792	159122935	-	2	1	1	NA	NA	subclonal
PD26409a	8	159179	146301152	normal	1	1	1	NA	NA	no_sub
PD26409a	9	211725	8538617	normal	1	1	1	NA	NA	no_sub
PD26409a	9	8542391	8608381	deletion	1	0	1	NA	NA	no_sub
PD26409a	9	8619575	141068960	normal	1	1	1	NA	NA	no_sub
PD26409a	10	94426	135217098	normal	1	1	1	NA	NA	no_sub
PD26409a	11	200948	134944606	normal	1	1	1	NA	NA	no_sub
PD26409a	12	188285	34449368	normal	1	1	1	NA	NA	no_sub
PD26409a	12	34451738	34555955	-	1	0	0.8129983	1	1	subclonal
PD26409a	12	34559082	133839356	normal	1	1	1	NA	NA	no_sub
PD26409a	13	19472259	46531749	normal	1	1	1	NA	NA	no_sub
PD26409a	13	46534058	46684881	deletion	1	0	1	NA	NA	no_sub
PD26409a	13	46728583	115096086	normal	1	1	1	NA	NA	no_sub
PD26409a	14	20480547	66593668	normal	1	1	1	NA	NA	no_sub
PD26409a	14	66597285	96231944	deletion	1	0	1	NA	NA	no_sub
PD26409a	14	96244284	105400373	normal	1	1	1	NA	NA	no_sub
PD26409a	14	105410775	105416906	LOH_High	16	0	1	NA	NA	no_sub
PD26409a	14	105445412	107288377	normal	1	0	0.069217123	1	1	subclona<10
PD26409a	15	20001774	102379950	gain	2	1	1	NA	NA	no_sub
PD26409a	16	138948	90165964	normal	1	1	1	NA	NA	no_sub
PD26409a	17	1880	81189830	normal	1	1	1	NA	NA	no_sub
PD26409a	18	132649	78017073	normal	1	1	1	NA	NA	no_sub
PD26409a	19	226776	59096403	Whole_chromosome_duplication	2	1	0.087566857	2	2	subclona<10
PD26409a	20	68749	26087690	normal	1	1	1	NA	NA	no_sub
PD26409a	20	26089336	26306543	deletion	1	0	1	NA	NA	no_sub
PD26409a	20	29420083	62915231	normal	1	1	1	NA	NA	no_sub
PD26409a	21	15273744	48056376	normal	1	1	1	NA	NA	no_sub
PD26409a	22	16601048	51215185	normal	1	0	0.054254369	1	1	subclona<10
PD26409a	X	1453839	2554793	deletion	1	0	0.935487221	1	1	subclonal>90
PD26409a	X	2556667	155234730	deletion	1	0	1	NA	NA	no_sub
PD26410d	1	784903	72297687	normal	1	1	1	NA	NA	no_sub
PD26410d	1	72312070	145095590	deletion	1	0	1	NA	NA	no_sub
PD26410d	1	145383283	249172187	normal	1	1	1	NA	NA	no_sub
PD26410d	2	11320	236422507	normal	1	1	1	NA	NA	no_sub
PD26410d	2	236422975	238688305	deletion	1	0	1	NA	NA	no_sub
PD26410d	2	238695374	242985695	normal	1	0	0.061214398	1	1	subclona<10
PD26410d	3	60596	197846280	gain	2	1	1	NA	NA	no_sub
PD26410d	4	89496	98068150	normal	1	1	1	NA	NA	no_sub
PD26410d	4	98069011	190763591	-	1	1	0.866439635	2	1	subclonal
PD26410d	5	852691	180663035	gain	2	1	1	NA	NA	no_sub
PD26410d	5	98448804	98531572	normal	1	1	1	NA	NA	no_sub
PD26410d	5	98531912	180663035	-	2	1	1	NA	NA	subclonal
PD26410d	6	205800	7912801	normal	1	1	1	NA	NA	no_sub
PD26410d	6	7913683	8049560	gain_2	3	1	1	NA	NA	no_sub
PD26410d	6	8049632	161698258	normal	1	1	1	NA	NA	no_sub
PD26410d	6	161699325	162318779	deletion	1	0	1	NA	NA	no_sub
PD26410d	6	162389146	170918194	normal	1	0	0.043097247	1	1	subclona<10
PD26410d	7	83177	146953721	gain	2	1	1	NA	NA	no_sub
PD26410d	7	146954397	159098707	-	2	1	0.75737094	3	1	subclonal
PD26410d	8	156331	19903250	normal	1	1	1	NA	NA	no_sub
PD26410d	8	19908650	43765276	deletion	1	0	1	NA	NA	no_sub
PD26410d	8	46942655	115052049	normal	1	1	1	NA	NA	no_sub
PD26410d	8	115052822	146247825	gain	2	1	1	NA	NA	no_sub
PD26410d	9	220881	44872937	normal	1	1	1	NA	NA	no_sub
PD26410d	9	44873320	74977457	gain	2	1	1	NA	NA	no_sub
PD26410d	9	74977980	75941235	LOH	2	0	1	NA	NA	no_sub
PD26410d	9	75944865	141031439	gain	2	1	1	NA	NA	no_sub
PD26410d	10	95096	135236375	normal	1	1	1	NA	NA	no_sub
PD26410d	11	197337	93870821	gain_2	3	1	1	NA	NA	no_sub
PD26410d	11	93873056	134944606	-	3	1	0.134614799	3	2	subclonal
PD26410d	12	202094	133839143	normal	1	1	1	NA	NA	no_sub
PD26410d	13	19449788	115088504	normal	1	1	1	NA	NA	no_sub
PD26410d	14	20425051	107287250	normal	1	1	1	NA	NA	no_sub
PD26410d	15	20001774	102419981	Whole_chromosome_duplication	2	2	1	NA	NA	no_sub
PD26410d	16	84170	78086270	normal	1	0	0.046127392	1	1	subclona<10
PD26410d	16	78087901	84307516	-	0	0	0.838260327	1	0	subclonal
PD26410d	16	84307638	84309366	normal	1	1	1	NA	NA	no_sub
PD26410d	16	84309491	90107889	-	0	0	0.844434526	1	0	subclonal
PD26410d	17	1869	74127410	normal	1	1	1	NA	NA	no_sub
PD26410d	17	74175672	75581853	deletion	1	0	1	NA	NA	no_sub
PD26410d	17	75583410	81189863	normal	1	1	0.954467459	2	1	subclonal>90
PD26410d	18	125371	78017073	normal	1	1	1	NA	NA	no_sub
PD26410d	19	240646	33084339	Whole_chromosome_duplication	2	2	1	NA	NA	no_sub
PD26410d	19	33091682	33502256	-	2	1	0.875106259	2	2	subclonal
PD26410d	19	33503799	35072921	-	2	1	0.144750301	2	2	subclonal
PD26410d	19	35073825	59096950	LOH	2	0	1	NA	NA	no_sub
PD26410d	20	67184	62887339	normal	1	1	1	NA	NA	no_sub
PD26410d	21	15273817	48063256	gain	2	1	1	NA	NA	no_sub
PD26410d	22	16631855	23153462	normal	1	1	1	NA	NA	no_sub
PD26410d	22	23159558	23241027	deletion	1	0	1	NA	NA	no_sub
PD26410d	22	23249354	51199040	normal	1	1	1	NA	NA	no_sub
PD26410d	X	1453500	2698923	-	1	1	0.887546431	2	1	subclonal
PD26410d	X	2699246	154128698	-	2	0	0.512243689	2	1	subclonal
PD26410d	X	154933612	155234730	gain	2	1	1	NA	NA	no_sub
PD26411c	1	762601	121324542	LOH	2	0	1	NA	NA	no_sub
PD26411c	1	144896319	249200985	gain	2	1	1	NA	NA	no_sub
PD26411c	2	11320	242985695	normal	1	1	1	NA	NA	no_sub
PD26411c	3	60596	197845233	gain	2	1	1	NA	NA	no_sub
PD26411c	4	11870	190765349	normal	1	1	1	NA	NA	no_sub
PD26411c	5	850203	180711553	normal	1	1	1	NA	NA	no_sub
PD26411c	6	205800	170985493	gain	2	1	1	NA	NA	no_sub
PD26411c	7	80500	159122935	gain	2	1	1	NA	NA	no_sub
PD26411c	8	155757	146293414	normal	1	1	1	NA	NA	no_sub
PD26411c	9	203761	141058424	gain	2	1	1	NA	NA	no_sub
PD26411c	10	93528	135235890	LOH	2	0	1	NA	NA	no_sub
PD26411c	11	196944	134923435	normal	1	1	1	NA	NA	no_sub
PD26411c	12	188285	133038610	normal	1	1	1	NA	NA	no_sub
PD26411c	12	133041898	133473141	deletion	1	0	1	NA	NA	no_sub
PD26411c	13	19449788	115103708	normal	1	1	1	NA	NA	no_sub
PD26411c	14	20480547	107283598	normal	1	1	1	NA	NA	no_sub
PD26411c	15	20061079	102431166	gain	2	1	1	NA	NA	no_sub
PD26411c	16	94080	49904796	normal	1	1	1	NA	NA	no_sub
PD26411c	16	49908102	50749408	-	1	0	0.635121864	1	1	subclonal
PD26411c	16	50751175	74313430	normal	1	1	1	NA	NA	no_sub
PD26411c	16	74324862	90169898	-	1	0	0.738771243	1	1	subclonal
PD26411c	17	1880	81144691	normal	1	1	1	NA	NA	no_sub
PD26411c	18	125371	78014608	normal	1	1	1	NA	NA	no_sub
PD26411c	19	247288	30167373	Whole_chromosome_duplication	2	2	1	NA	NA	no_sub
PD26411c	19	30172060	59098064	-	1	1	0.676921094	2	1	subclonal
PD26411c	20	61098	34391658	normal	1	1	1	NA	NA	no_sub
PD26411c	20	34434320	62910548	-	2	0	0.623057386	2	1	subclonal
PD26411c	21	15284943	48082324	normal	1	1	1	NA	NA	no_sub
PD26411c	22	16601048	22680014	normal	1	1	1	NA	NA	no_sub
PD26411c	22	22680676	23240785	deletion	1	0	1	NA	NA	no_sub
PD26411c	22	23249440	51229855	normal	1	1	1	NA	NA	no_sub
PD26411c	X	1461619	16829908	-	1	0	0.165119839	1	1	subclonal
PD26411c	X	16839940	142598679	LOH_3	4	0	1	NA	NA	no_sub
PD26411c	X	142630086	155239499	normal	1	1	1	NA	NA	no_sub
PD26412a	1	762601	145095590	normal	1	1	1	NA	NA	no_sub
PD26412a	1	145396435	249208772	gain_3	4	1	1	NA	NA	no_sub
PD26412a	2	89161322	89326174	LOH_3	4	0	1	NA	NA	no_sub
PD26412a	2	91924746	242955595	-	2	1	1	NA	NA	subclonal
PD26412a	3	82010	8802745	gain	2	1	1	NA	NA	no_sub
PD26412a	3	8802851	9330286	Whole_chromosome_duplication	2	2	1	NA	NA	no_sub
PD26412a	3	9333095	197842892	gain	2	1	1	NA	NA	no_sub
PD26412a	4	70334	190781874	normal	1	1	1	NA	NA	no_sub
PD26412a	5	850203	5153484	-	1	1	0.898226243	2	1	subclonal
PD26412a	5	5153826	5320256	deletion	1	0	1	NA	NA	no_sub
PD26412a	5	5321787	180710431	normal	1	1	1	NA	NA	no_sub
PD26412a	6	203397	95075776	-	2	1	0.655087406	3	1	subclonal
PD26412a	6	95078440	155162621	-	1	1	0.679489038	2	1	subclonal
PD26412a	6	155164727	155278284	LOH	2	0	1	NA	NA	no_sub
PD26412a	6	155279939	170921794	-	1	1	0.683379112	2	1	subclonal
PD26412a	7	80631	10528850	deletion	1	0	1	NA	NA	no_sub
PD26412a	7	10528993	141835869	gain	2	1	1	NA	NA	no_sub
PD26412a	7	141837740	142009522	-	3	0	0.667674727	3	1	subclonal
PD26412a	7	142010686	159122682	gain	2	1	1	NA	NA	no_sub
PD26412a	8	156331	128979277	normal	1	1	1	NA	NA	no_sub
PD26412a	8	128994931	129975631	gain	2	1	1	NA	NA	no_sub
PD26412a	8	130160362	146279349	normal	1	1	1	NA	NA	no_sub
PD26412a	9	203937	141068960	-	2	1	0.745508826	3	1	subclonal
PD26412a	10	20000428	135235689	normal	1	1	1	NA	NA	no_sub
PD26412a	11	197337	134940079	-	2	2	0.560478265	3	2	subclonal
PD26412a	12	188285	133839356	normal	1	1	1	NA	NA	no_sub
PD26412a	13	19449981	114999838	normal	1	1	1	NA	NA	no_sub
PD26412a	14	20425051	107289436	normal	1	1	1	NA	NA	no_sub
PD26412a	15	20001774	52504142	-	2	1	0.621932924	3	1	subclonal
PD26412a	15	52505563	77476041	gain_3	4	1	1	NA	NA	no_sub
PD26412a	15	77593412	102426739	-	2	1	0.614174143	3	1	subclonal
PD26412a	16	83807	89998157	normal	1	1	1	NA	NA	no_sub
PD26412a	17	1665	79905275	LOH	2	0	0.910816909	2	1	subclonal>90
PD26412a	18	125371	78001550	gain_2	3	1	1	NA	NA	no_sub
PD26412a	19	226776	916563	-	4	1	0.830267326	4	2	subclonal
PD26412a	19	934022	1074315	-	2	2	0.658317155	3	2	subclonal
PD26412a	19	1081617	27745616	-	4	1	0.877085584	4	2	subclonal
PD26412a	19	27745939	59097308	normal	1	1	1	NA	NA	no_sub
PD26412a	20	20007902	62955706	gain	2	1	1	NA	NA	no_sub
PD26412a	21	15273232	48094803	-	1	1	0.59973277	2	1	subclonal
PD26412a	22	16600330	23229918	normal	1	1	1	NA	NA	no_sub
PD26412a	22	23230001	23849044	gain	2	1	1	NA	NA	no_sub
PD26412a	22	23865221	49998118	normal	1	1	1	NA	NA	no_sub
PD26412a	X	1455089	2699246	-	1	1	0.835663099	2	1	subclonal
PD26412a	X	154933612	155238153	gain_3	4	1	1	NA	NA	no_sub
PD26414a	1	776546	111111149	gain	2	1	1	NA	NA	no_sub
PD26414a	1	111111368	118205255	-	1	0	0.84316599	2	0	subclonal
PD26414a	1	118209138	120683924	gain	2	1	1	NA	NA	no_sub
PD26414a	1	120684961	249224155	Whole_chromosome_duplication	2	2	1	NA	NA	no_sub
PD26414a	2	20807	242955889	-	2	1	0.637931799	2	2	subclonal
PD26414a	3	60596	197846280	-	2	1	0.348628597	2	2	subclonal
PD26414a	4	109541	190790246	gain	2	1	1	NA	NA	no_sub
PD26414a	5	852691	34235202	Whole_chromosome_duplication	2	2	1	NA	NA	no_sub
PD26414a	5	34235630	34354010	gain_3	4	1	1	NA	NA	no_sub
PD26414a	5	34354114	34943496	Whole_chromosome_duplication	2	2	1	NA	NA	no_sub
PD26414a	5	34945653	35039437	gain_2	3	1	1	NA	NA	no_sub
PD26414a	5	35040113	180685900	Whole_chromosome_duplication	2	2	1	NA	NA	no_sub
PD26414a	6	205920	133666904	Whole_chromosome_duplication	2	2	1	NA	NA	no_sub
PD26414a	6	133667341	170898626	LOH	2	0	1	NA	NA	no_sub
PD26414a	7	80500	159088276	Whole_chromosome_duplication	2	2	1	NA	NA	no_sub
PD26414a	8	156504	146300622	gain	2	1	1	NA	NA	no_sub
PD26414a	9	203761	141069765	gain	2	1	1	NA	NA	no_sub
PD26414a	10	15002983	135235890	-	2	1	0.310536765	2	2	subclonal
PD26414a	11	196944	134945709	gain	2	1	1	NA	NA	no_sub
PD26414a	12	188285	133839356	-	1	1	0.199945509	2	1	subclonal
PD26414a	13	19457390	114999838	LOH	2	0	1	NA	NA	no_sub
PD26414a	14	20425051	107191204	gain	2	1	1	NA	NA	no_sub
PD26414a	15	20001774	102431166	Whole_chromosome_duplication	2	2	1	NA	NA	no_sub
PD26414a	16	84170	89998794	gain	2	1	1	NA	NA	no_sub
PD26414a	17	15222	79958764	-	2	1	0.319039927	2	2	subclonal
PD26414a	18	125632	78015230	gain	2	1	1	NA	NA	no_sub
PD26414a	19	226776	27781881	Whole_chromosome_duplication	3	2	1	NA	NA	no_sub
PD26414a	19	27782282	59097308	Whole_chromosome_duplication	2	2	1	NA	NA	no_sub
PD26414a	20	20000786	62952956	gain	2	1	1	NA	NA	no_sub
PD26414a	21	15273443	48101335	gain	2	1	1	NA	NA	no_sub
PD26414a	22	16894756	49998877	gain	2	1	1	NA	NA	no_sub
PD26414a	X	1453500	154946000	-	1	1	0.568002643	2	1	subclonal
PD26414a	X	154946935	155235472	gain_2	3	1	1	NA	NA	no_sub
PD26415c	1	762601	249201480	normal	1	1	1	NA	NA	no_sub
PD26415c	2	11320	242955889	normal	1	1	1	NA	NA	no_sub
PD26415c	3	60799	197842358	LOH	2	0	1	NA	NA	no_sub
PD26415c	4	69567	190790246	normal	1	1	1	NA	NA	no_sub
PD26415c	5	852691	180715810	gain	2	1	1	NA	NA	no_sub
PD26415c	6	209980	170985493	normal	1	1	1	NA	NA	no_sub
PD26415c	7	82591	159128550	normal	1	1	1	NA	NA	no_sub
PD26415c	8	159179	146300622	normal	1	1	1	NA	NA	no_sub
PD26415c	9	245332	141069765	gain	2	1	1	NA	NA	no_sub
PD26415c	10	94426	135235890	normal	1	1	1	NA	NA	no_sub
PD26415c	11	198986	134927519	gain	2	1	1	NA	NA	no_sub
PD26415c	12	190102	133832256	normal	1	1	1	NA	NA	no_sub
PD26415c	13	19449788	115061057	normal	1	1	1	NA	NA	no_sub
PD26415c	14	20437889	107239333	normal	1	1	1	NA	NA	no_sub
PD26415c	15	20001861	57645088	Whole_chromosome_duplication	2	2	1	NA	NA	no_sub
PD26415c	15	57645324	57781038	gain_3	4	1	1	NA	NA	no_sub
PD26415c	15	57781419	102429049	Whole_chromosome_duplication	2	2	1	NA	NA	no_sub
PD26415c	16	92688	90143727	normal	1	1	1	NA	NA	no_sub
PD26415c	17	27268	81130897	normal	1	1	1	NA	NA	no_sub
PD26415c	18	125371	77972066	normal	1	1	1	NA	NA	no_sub
PD26415c	19	226776	59091717	gain	2	1	1	NA	NA	no_sub
PD26415c	20	61098	62950133	normal	1	1	1	NA	NA	no_sub
PD26415c	21	15273817	48092736	normal	1	1	1	NA	NA	no_sub
PD26415c	22	16857952	51211106	normal	1	1	1	NA	NA	no_sub
PD26415c	X	1463771	9029580	deletion	1	0	1	NA	NA	no_sub
PD26415c	X	9241934	154210263	LOH_5	6	0	1	NA	NA	no_sub
PD26415c	X	154933612	155234730	deletion	1	0	1	NA	NA	no_sub
PD26416d	1	768253	104082019	normal	1	1	1	NA	NA	no_sub
PD26416d	1	104097685	104913068	deletion	1	0	1	NA	NA	no_sub
PD26416d	1	104914350	115891156	normal	1	1	1	NA	NA	no_sub
PD26416d	1	115902477	120685413	deletion	1	0	1	NA	NA	no_sub
PD26416d	1	120690218	249201480	normal	1	1	1	NA	NA	no_sub
PD26416d	2	11320	89026050	normal	1	1	1	NA	NA	no_sub
PD26416d	2	89026096	89182246	-	2	0	0.332631405	2	1	subclonal
PD26416d	2	89288151	242978212	normal	1	1	1	NA	NA	no_sub
PD26416d	3	60197	90316335	normal	1	1	1	NA	NA	no_sub
PD26416d	3	90348422	197846280	gain	2	1	1	NA	NA	no_sub
PD26416d	4	81303	48260749	normal	1	1	1	NA	NA	no_sub
PD26416d	4	48260825	64868885	-	1	0	0.455707956	1	1	subclonal
PD26416d	4	64870606	190790246	normal	1	1	1	NA	NA	no_sub
PD26416d	5	850203	3488986	gain	2	1	1	NA	NA	no_sub
PD26416d	5	3489595	3908040	-	1	0	0.121785945	1	1	subclonal
PD26416d	5	3916710	5084503	gain	2	1	1	NA	NA	no_sub
PD26416d	5	5084623	18848574	normal	1	1	1	NA	NA	no_sub
PD26416d	5	18848841	180706525	gain	2	1	1	NA	NA	no_sub
PD26416d	6	203397	56468238	normal	1	1	1	NA	NA	no_sub
PD26416d	6	56470551	58569583	deletion	1	0	1	NA	NA	no_sub
PD26416d	6	61931149	118729272	normal	1	1	1	NA	NA	no_sub
PD26416d	6	118731468	118875258	-	1	0	0.744134327	1	1	subclonal
PD26416d	6	118875403	170905474	normal	1	1	1	NA	NA	no_sub
PD26416d	7	85840	159122935	gain	2	1	1	NA	NA	no_sub
PD26416d	8	155757	128631805	normal	1	1	1	NA	NA	no_sub
PD26416d	8	128641620	128949306	-	2	1	0.525596969	3	1	subclonal
PD26416d	8	128952504	146273484	normal	1	1	1	NA	NA	no_sub
PD26416d	9	244487	32934087	-	2	0	0.448821875	2	1	subclonal
PD26416d	9	32934762	141068960	gain	2	1	1	NA	NA	no_sub
PD26416d	10	94426	135235890	normal	1	1	1	NA	NA	no_sub
PD26416d	11	196944	50072670	LOH	2	0	1	NA	NA	no_sub
PD26416d	11	50094680	134939568	gain	2	1	1	NA	NA	no_sub
PD26416d	12	189093	34430144	normal	1	1	1	NA	NA	no_sub
PD26416d	12	34451738	34550809	deletion	1	0	1	NA	NA	no_sub
PD26416d	12	34554582	49201207	normal	1	1	1	NA	NA	no_sub
PD26416d	12	49201363	49446101	gain	2	1	1	NA	NA	no_sub
PD26416d	12	49451288	133836499	normal	1	1	1	NA	NA	no_sub
PD26416d	13	19464362	115088504	normal	1	1	1	NA	NA	no_sub
PD26416d	14	20425051	107289436	normal	1	1	1	NA	NA	no_sub
PD26416d	15	20001861	102426739	Whole_chromosome_duplication	2	2	1	NA	NA	no_sub
PD26416d	16	94080	11841539	normal	1	1	1	NA	NA	no_sub
PD26416d	16	11871852	12281317	gain	2	1	1	NA	NA	no_sub
PD26416d	16	12283735	33850928	normal	1	1	1	NA	NA	no_sub
PD26416d	16	34197195	90163686	deletion	1	0	1	NA	NA	no_sub
PD26416d	17	1869	40623542	normal	1	1	1	NA	NA	no_sub
PD26416d	17	40633359	40910849	gain	2	1	1	NA	NA	no_sub
PD26416d	17	40911004	73404796	normal	1	1	1	NA	NA	no_sub
PD26416d	17	73408819	74337362	-	1	1	0.566531943	2	1	subclonal
PD26416d	17	74338105	81190275	normal	1	0	0.06565605	1	1	subclona<10
PD26416d	18	125371	78015230	normal	1	1	1	NA	NA	no_sub
PD26416d	19	226776	59091928	gain	2	1	1	NA	NA	no_sub
PD26416d	20	61098	58376002	LOH	2	0	1	NA	NA	no_sub
PD26416d	20	58377173	62917729	gain	2	1	1	NA	NA	no_sub
PD26416d	21	15273744	48057734	gain	2	1	1	NA	NA	no_sub
PD26416d	22	16852667	51211106	normal	1	0	0.061859407	1	1	subclona<10
PD26416d	X	1461619	155177943	deletion	1	0	1	NA	NA	no_sub
PD26418a	1	843405	249178533	normal	1	1	1	NA	NA	no_sub
PD26418a	2	11320	89161547	normal	1	1	1	NA	NA	no_sub
PD26418a	2	89161932	89323312	-	0	0	0.813223444	1	0	subclonal
PD26418a	2	91927348	110251405	normal	1	1	1	NA	NA	no_sub
PD26418a	2	110251454	129260787	-	1	0	0.178993678	1	1	subclonal
PD26418a	2	129263958	242975273	normal	1	1	1	NA	NA	no_sub
PD26418a	3	61495	29569640	deletion	1	0	1	NA	NA	no_sub
PD26418a	3	31851534	197846280	normal	1	1	1	NA	NA	no_sub
PD26418a	4	11870	159928119	normal	1	1	1	NA	NA	no_sub
PD26418a	4	159929446	190762427	-	1	1	0.853355186	2	1	subclonal
PD26418a	5	852691	84588252	normal	1	1	1	NA	NA	no_sub
PD26418a	5	84588502	126141715	deletion	1	0	1	NA	NA	no_sub
PD26418a	5	126144324	180710431	LOH	2	0	1	NA	NA	no_sub
PD26418a	6	206599	170921585	normal	1	1	1	NA	NA	no_sub
PD26418a	7	82180	159128533	normal	1	1	1	NA	NA	no_sub
PD26418a	8	159436	146301152	normal	1	1	1	NA	NA	no_sub
PD26418a	9	215086	141068960	normal	1	1	1	NA	NA	no_sub
PD26418a	10	117088	135219858	normal	1	1	1	NA	NA	no_sub
PD26418a	11	196944	6400102	normal	1	1	1	NA	NA	no_sub
PD26418a	11	6423063	6555853	LOH	2	0	1	NA	NA	no_sub
PD26418a	11	6567096	69442501	normal	1	1	1	NA	NA	no_sub
PD26418a	11	69443822	113817468	gain_3	4	1	1	NA	NA	no_sub
PD26418a	11	113819674	115839966	gain	2	1	1	NA	NA	no_sub
PD26418a	11	115870238	116721465	gain_3	4	1	1	NA	NA	no_sub
PD26418a	11	116722041	116958533	deletion	1	0	0.930418796	1	1	subclonal>90
PD26418a	11	116962661	119155618	gain	2	1	1	NA	NA	no_sub
PD26418a	11	119162720	134944606	gain_2	3	1	1	NA	NA	no_sub
PD26418a	12	189093	16363556	-	1	1	0.891300126	2	1	subclonal
PD26418a	12	16363617	130126515	normal	1	1	1	NA	NA	no_sub
PD26418a	12	130134761	133839356	-	1	1	0.890305684	2	1	subclonal
PD26418a	13	19449731	115098167	deletion	1	0	1	NA	NA	no_sub
PD26418a	14	20447805	50618257	normal	1	1	1	NA	NA	no_sub
PD26418a	14	50619037	75672107	deletion	1	0	1	NA	NA	no_sub
PD26418a	14	75692089	76201889	gain	2	1	1	NA	NA	no_sub
PD26418a	14	76204090	76336482	deletion	1	0	1	NA	NA	no_sub
PD26418a	14	76336859	83796289	gain	2	1	1	NA	NA	no_sub
PD26418a	14	83796830	107179268	gain_3	4	1	1	NA	NA	no_sub
PD26418a	14	107179866	107287115	normal	1	1	0.915944116	2	1	subclonal>90
PD26418a	15	20001861	90754400	normal	1	1	1	NA	NA	no_sub
PD26418a	15	91046712	91840018	-	2	0	0.863687286	2	1	subclonal
PD26418a	15	92576926	102431166	normal	1	1	1	NA	NA	no_sub
PD26418a	16	83807	6223077	LOH	2	0	1	NA	NA	no_sub
PD26418a	16	6234043	31852875	gain	2	1	1	NA	NA	no_sub
PD26418a	16	31854522	34007121	normal	1	1	1	NA	NA	no_sub
PD26418a	16	34020845	35047521	gain	2	1	1	NA	NA	no_sub
PD26418a	16	35049475	46472038	-	2	1	0.255063349	2	2	subclonal
PD26418a	16	46489202	90166109	LOH	2	0	1	NA	NA	no_sub
PD26418a	17	78	12874840	LOH	2	0	1	NA	NA	no_sub
PD26418a	17	12875133	51629424	normal	1	1	1	NA	NA	no_sub
PD26418a	17	51630003	81190275	gain	2	1	1	NA	NA	no_sub
PD26418a	18	125632	36874502	normal	1	1	1	NA	NA	no_sub
PD26418a	18	36876506	36971368	deletion	1	0	1	NA	NA	no_sub
PD26418a	18	36973270	78003207	normal	1	1	1	NA	NA	no_sub
PD26418a	19	226776	59088607	normal	1	1	0.953892404	2	1	subclonal>90
PD26418a	20	64186	36400969	normal	1	1	1	NA	NA	no_sub
PD26418a	20	36404707	36459308	deletion	1	0	1	NA	NA	no_sub
PD26418a	20	36464303	48337591	normal	1	1	1	NA	NA	no_sub
PD26418a	20	48338069	48423756	LOH	2	0	1	NA	NA	no_sub
PD26418a	20	48509351	62955706	normal	1	1	1	NA	NA	no_sub
PD26418a	21	15273232	48101335	normal	1	1	1	NA	NA	no_sub
PD26418a	22	16566779	25146534	-	1	0	0.647884966	2	0	subclonal
PD26418a	22	25146616	51211106	LOH_2	3	0	1	NA	NA	no_sub
PD26418a	X	1454398	2698923	-	1	1	0.868361784	2	1	subclonal
PD26418a	X	5186394	155220861	-	3	0	0.300710775	3	1	subclonal
PD26419a	1	802026	99970712	LOH	2	0	1	NA	NA	no_sub
PD26419a	1	99971142	106448674	deletion	1	0	1	NA	NA	no_sub
PD26419a	1	106449970	121331963	normal	1	1	1	NA	NA	no_sub
PD26419a	1	121346913	249172187	gain_2	3	1	1	NA	NA	no_sub
PD26419a	2	11320	242985493	normal	1	1	1	NA	NA	no_sub
PD26419a	3	60596	48401949	normal	1	1	1	NA	NA	no_sub
PD26419a	3	48404925	181520729	gain	2	1	1	NA	NA	no_sub
PD26419a	3	181520886	197840629	normal	1	1	1	NA	NA	no_sub
PD26419a	4	11870	190781654	normal	1	1	1	NA	NA	no_sub
PD26419a	5	849504	21602645	normal	1	1	1	NA	NA	no_sub
PD26419a	5	21648476	33807579	deletion	1	0	1	NA	NA	no_sub
PD26419a	5	33810584	180710363	normal	1	1	1	NA	NA	no_sub
PD26419a	6	205920	77818806	normal	1	1	1	NA	NA	no_sub
PD26419a	6	77823707	170985663	deletion	1	0	1	NA	NA	no_sub
PD26419a	7	83177	159078764	normal	1	1	1	NA	NA	no_sub
PD26419a	8	155757	14105816	-	0	0	0.857390387	1	0	subclonal
PD26419a	8	14105863	14487037	deletion	1	0	1	NA	NA	no_sub
PD26419a	8	14487548	16478111	bi_del	0	0	1	NA	NA	no_sub
PD26419a	8	16478275	20684477	deletion	1	0	1	NA	NA	no_sub
PD26419a	8	20685010	21904901	-	0	0	0.750047482	1	0	subclonal
PD26419a	8	21905772	24865502	deletion	1	0	1	NA	NA	no_sub
PD26419a	8	24896797	27027429	normal	1	1	1	NA	NA	no_sub
PD26419a	8	27031343	29599196	gain	2	1	1	NA	NA	no_sub
PD26419a	8	29603187	32631253	-	1	1	0.831835883	2	1	subclonal
PD26419a	8	32635574	42003124	-	1	1	0.284800034	2	1	subclonal
PD26419a	8	42003224	146301152	normal	1	1	1	NA	NA	no_sub
PD26419a	9	203937	141026318	normal	1	1	1	NA	NA	no_sub
PD26419a	10	25001147	135204669	normal	1	1	1	NA	NA	no_sub
PD26419a	11	198510	134945454	normal	1	1	1	NA	NA	no_sub
PD26419a	12	202094	81776700	normal	1	1	1	NA	NA	no_sub
PD26419a	12	81791627	133839143	deletion	1	0	1	NA	NA	no_sub
PD26419a	13	19455253	74455956	deletion	1	0	1	NA	NA	no_sub
PD26419a	13	74457689	87501919	normal	1	1	1	NA	NA	no_sub
PD26419a	13	87503520	99589171	deletion	1	0	1	NA	NA	no_sub
PD26419a	13	99589747	100140645	-	1	1	0.863023984	2	1	subclonal
PD26419a	13	100142434	103370794	deletion	1	0	1	NA	NA	no_sub
PD26419a	13	103373517	114990771	normal	1	1	1	NA	NA	no_sub
PD26419a	14	20425051	107264752	normal	1	1	1	NA	NA	no_sub
PD26419a	15	20001774	60664573	normal	1	1	1	NA	NA	no_sub
PD26419a	15	60664843	89764620	gain	2	1	1	NA	NA	no_sub
PD26419a	15	89775555	102431166	normal	1	1	1	NA	NA	no_sub
PD26419a	16	83807	89978417	deletion	1	0	1	NA	NA	no_sub
PD26419a	17	1665	79989546	normal	1	1	1	NA	NA	no_sub
PD26419a	18	152600	78012463	normal	1	1	1	NA	NA	no_sub
PD26419a	19	226776	59091928	normal	1	1	1	NA	NA	no_sub
PD26419a	20	20000786	62917729	normal	1	1	1	NA	NA	no_sub
PD26419a	21	15273232	48116032	normal	1	1	1	NA	NA	no_sub
PD26419a	22	16631738	35891102	deletion	1	0	1	NA	NA	no_sub
PD26419a	22	35892032	49999704	normal	1	1	1	NA	NA	no_sub
PD26419a	X	1459334	155226657	deletion	1	0	1	NA	NA	no_sub
PD26420a	1	776546	162982502	normal	1	1	1	NA	NA	no_sub
PD26420a	1	162989414	249222835	gain	2	1	1	NA	NA	no_sub
PD26420a	2	67780	89130884	normal	1	1	1	NA	NA	no_sub
PD26420a	2	89151470	89286118	deletion	1	0	1	NA	NA	no_sub
PD26420a	2	91935028	242985493	normal	1	1	1	NA	NA	no_sub
PD26420a	3	60197	95314700	normal	1	1	1	NA	NA	no_sub
PD26420a	3	95327567	96369540	deletion	1	0	1	NA	NA	no_sub
PD26420a	3	96369696	197845233	normal	1	1	1	NA	NA	no_sub
PD26420a	4	69567	190790246	normal	1	1	1	NA	NA	no_sub
PD26420a	5	852691	180718266	normal	1	1	1	NA	NA	no_sub
PD26420a	6	202452	84393942	normal	1	1	1	NA	NA	no_sub
PD26420a	6	84398565	170921585	deletion	1	0	1	NA	NA	no_sub
PD26420a	7	80500	11903508	deletion	1	0	1	NA	NA	no_sub
PD26420a	7	11907220	159098707	normal	1	1	1	NA	NA	no_sub
PD26420a	8	156434	82960830	normal	1	1	1	NA	NA	no_sub
PD26420a	8	83087376	146301152	gain	2	1	1	NA	NA	no_sub
PD26420a	9	203761	141068960	normal	1	1	1	NA	NA	no_sub
PD26420a	10	94426	135233973	normal	1	1	1	NA	NA	no_sub
PD26420a	11	197337	48671745	normal	1	1	1	NA	NA	no_sub
PD26420a	11	48675371	48745869	deletion	1	0	1	NA	NA	no_sub
PD26420a	11	48749357	134924528	normal	1	1	1	NA	NA	no_sub
PD26420a	12	189464	101222061	normal	1	1	1	NA	NA	no_sub
PD26420a	12	101223024	133839356	deletion	1	0	1	NA	NA	no_sub
PD26420a	13	19455253	115086410	deletion	1	0	1	NA	NA	no_sub
PD26420a	14	20425051	22891883	normal	1	1	1	NA	NA	no_sub
PD26420a	14	22895998	22917633	LOH_2	3	0	1	NA	NA	no_sub
PD26420a	14	22919581	107283598	normal	1	1	1	NA	NA	no_sub
PD26420a	15	20001861	57979507	normal	1	1	1	NA	NA	no_sub
PD26420a	15	58023935	97571475	gain	2	0	0.112952357	2	1	subclonal>90
PD26420a	15	97571833	102431166	gain	2	1	1	NA	NA	no_sub
PD26420a	16	84294	9322507	deletion	1	0	1	NA	NA	no_sub
PD26420a	16	9323008	21389458	normal	1	1	0.945836629	2	1	subclonal>90
PD26420a	16	21595106	22097738	deletion	1	0	1	NA	NA	no_sub
PD26420a	16	22200219	47953061	normal	1	1	1	NA	NA	no_sub
PD26420a	16	47981754	60202710	deletion	1	0	1	NA	NA	no_sub
PD26420a	16	60204203	61894041	normal	1	1	1	NA	NA	no_sub
PD26420a	16	61899073	80684720	deletion	1	0	1	NA	NA	no_sub
PD26420a	16	80686396	84321295	normal	1	1	0.944580901	2	1	subclonal>90
PD26420a	16	84321846	90166109	deletion	1	0	1	NA	NA	no_sub
PD26420a	17	1869	81151920	normal	1	1	1	NA	NA	no_sub
PD26420a	18	125371	78017073	normal	1	1	1	NA	NA	no_sub
PD26420a	19	255924	59097308	normal	1	1	1	NA	NA	no_sub
PD26420a	20	61098	10730834	deletion	1	0	1	NA	NA	no_sub
PD26420a	20	10773298	17829409	normal	1	1	1	NA	NA	no_sub
PD26420a	20	17832672	19763489	deletion	1	0	1	NA	NA	no_sub
PD26420a	20	19777525	62915231	normal	1	1	1	NA	NA	no_sub
PD26420a	21	15294830	48101335	normal	1	1	1	NA	NA	no_sub
PD26420a	22	16647426	51206426	normal	1	1	1	NA	NA	no_sub
PD26420a	X	1453909	6479866	normal	1	1	0.911517578	2	1	subclonal>90
PD26420a	X	6664653	135982032	-	2	0	0.566530309	2	1	subclonal
PD26420a	X	136239671	155234730	gain	2	1	1	NA	NA	no_sub
PD26422e	1	776546	71021075	normal	1	1	1	NA	NA	no_sub
PD26422e	1	71036885	114788944	deletion	1	0	1	NA	NA	no_sub
PD26422e	1	114813285	154690778	normal	1	1	1	NA	NA	no_sub
PD26422e	1	154692088	154994265	gain	2	1	1	NA	NA	no_sub
PD26422e	1	155026871	156824456	Whole_chromosome_duplication	2	2	1	NA	NA	no_sub
PD26422e	1	156883546	157077578	gain	2	1	1	NA	NA	no_sub
PD26422e	1	157078790	211214280	normal	1	1	1	NA	NA	no_sub
PD26422e	1	211215948	213601827	gain	2	1	1	NA	NA	no_sub
PD26422e	1	213602112	249229734	normal	1	1	1	NA	NA	no_sub
PD26422e	2	11274	89161322	normal	1	1	1	NA	NA	no_sub
PD26422e	2	89161547	89325981	deletion	1	0	1	NA	NA	no_sub
PD26422e	2	91924746	242985493	normal	1	1	1	NA	NA	no_sub
PD26422e	3	80711	44577613	normal	1	1	1	NA	NA	no_sub
PD26422e	3	44579323	46687519	gain	2	1	1	NA	NA	no_sub
PD26422e	3	46703507	195199115	normal	1	1	1	NA	NA	no_sub
PD26422e	3	195214304	195225716	deletion	1	0	0.965581542	1	1	subclonal>90
PD26422e	3	195233154	197842892	normal	1	1	0.945576651	2	1	subclonal>90
PD26422e	4	11870	12039979	-	1	0	0.266452268	1	1	subclonal
PD26422e	4	12040622	29101042	-	1	0	0.578059941	1	1	subclonal
PD26422e	4	29103727	52824349	-	1	0	0.26274789	1	1	subclonal
PD26422e	4	52839201	190781874	normal	1	1	1	NA	NA	no_sub
PD26422e	5	853258	1062162	gain	2	1	1	NA	NA	no_sub
PD26422e	5	1063479	180709213	normal	1	1	1	NA	NA	no_sub
PD26422e	6	214005	17717367	normal	1	1	1	NA	NA	no_sub
PD26422e	6	17720759	43526737	deletion	1	0	1	NA	NA	no_sub
PD26422e	6	43586141	66041318	normal	1	1	1	NA	NA	no_sub
PD26422e	6	66046560	119417042	deletion	1	0	1	NA	NA	no_sub
PD26422e	6	119420441	138352225	normal	1	1	1	NA	NA	no_sub
PD26422e	6	138353791	139205386	gain	2	1	1	NA	NA	no_sub
PD26422e	6	139206799	139392715	normal	1	1	1	NA	NA	no_sub
PD26422e	6	139404227	168382157	deletion	1	0	1	NA	NA	no_sub
PD26422e	6	168388213	168443588	normal	1	1	1	NA	NA	no_sub
PD26422e	6	168443629	168487673	deletion	1	0	0.911081837	1	1	subclonal>90
PD26422e	6	168488249	168593739	-	1	0	0.275675204	1	1	subclonal
PD26422e	6	168602057	170921585	deletion	1	0	1	NA	NA	no_sub
PD26422e	7	80500	159128550	normal	1	1	1	NA	NA	no_sub
PD26422e	8	155687	146300287	deletion	1	0	1	NA	NA	no_sub
PD26422e	9	215057	141069765	normal	1	1	1	NA	NA	no_sub
PD26422e	10	95096	124898528	normal	1	1	1	NA	NA	no_sub
PD26422e	10	124932086	126927682	gain	2	1	1	NA	NA	no_sub
PD26422e	10	126994973	135213138	normal	1	1	1	NA	NA	no_sub
PD26422e	11	197337	69079744	normal	1	1	1	NA	NA	no_sub
PD26422e	11	69081182	70565076	gain	2	1	1	NA	NA	no_sub
PD26422e	11	70565646	134945709	normal	1	1	1	NA	NA	no_sub
PD26422e	12	188285	133820861	deletion	1	0	1	NA	NA	no_sub
PD26422e	13	19454846	115098167	deletion	1	0	1	NA	NA	no_sub
PD26422e	14	20432548	53802793	normal	1	1	1	NA	NA	no_sub
PD26422e	14	53827106	64609866	-	1	0	0.737183397	1	1	subclonal
PD26422e	14	64612845	66927757	-	2	0	0.731187562	2	1	subclonal
PD26422e	14	66951004	93257208	-	1	0	0.733410297	1	1	subclonal
PD26422e	14	93290459	105277950	normal	1	1	1	NA	NA	no_sub
PD26422e	14	105319231	107179268	-	1	0	0.533002743	1	1	subclonal
PD26422e	14	107179847	107289436	normal	1	1	1	NA	NA	no_sub
PD26422e	15	20030368	30369914	normal	1	1	1	NA	NA	no_sub
PD26422e	15	31112064	33259653	gain	2	1	1	NA	NA	no_sub
PD26422e	15	33260701	94635374	normal	1	1	1	NA	NA	no_sub
PD26422e	15	94638558	102431166	deletion	1	0	1	NA	NA	no_sub
PD26422e	16	84870	34902157	deletion	1	0	1	NA	NA	no_sub
PD26422e	16	34923017	56802514	normal	1	1	1	NA	NA	no_sub
PD26422e	16	56814847	90169898	deletion	1	0	1	NA	NA	no_sub
PD26422e	17	2041	22242081	-	1	0	0.263896942	1	1	subclonal
PD26422e	17	25270218	43380666	deletion	1	0	1	NA	NA	no_sub
PD26422e	17	43383100	81189830	normal	1	1	1	NA	NA	no_sub
PD26422e	18	125632	78017073	normal	1	1	1	NA	NA	no_sub
PD26422e	19	158847	59097308	normal	1	1	1	NA	NA	no_sub
PD26422e	20	67184	62955706	normal	1	1	1	NA	NA	no_sub
PD26422e	21	15273744	48102613	normal	1	1	1	NA	NA	no_sub
PD26422e	22	16626992	51229855	deletion	1	0	1	NA	NA	no_sub
PD26422e	X	1453500	5544879	normal	1	1	0.937839137	2	1	subclonal>90
PD26422e	X	6353137	151646529	-	2	0	0.615984725	2	1	subclonal
PD26422e	X	151693604	155231210	Whole_chromosome_duplication	2	2	1	NA	NA	no_sub
PD26423e	1	828166	249214082	LOH	2	0	1	NA	NA	no_sub
PD26423e	2	14004	69955760	normal	1	1	1	NA	NA	no_sub
PD26423e	2	69965642	242957431	gain	2	1	1	NA	NA	no_sub
PD26423e	2	89162529	89325107	LOH_2	3	0	1	NA	NA	no_sub
PD26423e	3	60596	197832778	gain	2	1	1	NA	NA	no_sub
PD26423e	4	69567	48161613	-	1	1	0.403034009	2	1	subclonal
PD26423e	4	48162658	190781874	gain	2	1	1	NA	NA	no_sub
PD26423e	5	852691	112274827	Whole_chromosome_duplication	2	2	1	NA	NA	no_sub
PD26423e	5	112275074	112971132	-	2	2	0.212514759	3	2	subclonal
PD26423e	5	112973379	180704538	Whole_chromosome_duplication	2	2	1	NA	NA	no_sub
PD26423e	6	205800	106227990	gain	2	1	1	NA	NA	no_sub
PD26423e	6	106263246	106843136	-	2	2	0.853580528	3	2	subclonal
PD26423e	6	106843823	170921585	-	1	1	0.143624503	2	1	subclonal
PD26423e	7	80500	159122682	Whole_chromosome_duplication	2	2	1	NA	NA	no_sub
PD26423e	8	98266	128545370	normal	1	1	0.948351078	2	1	subclonal>90
PD26423e	8	128547942	129057963	-	2	1	0.688525143	3	1	subclonal
PD26423e	8	129058990	146300622	normal	1	1	0.935893207	2	1	subclonal>90
PD26423e	9	203937	141069420	-	2	1	0.135884447	2	2	subclonal
PD26423e	10	20003218	112303796	normal	1	1	0.94618618	2	1	subclonal>90
PD26423e	10	112370470	112991416	gain	2	1	1	NA	NA	no_sub
PD26423e	10	113012417	135235890	normal	1	1	1	NA	NA	no_sub
PD26423e	11	208086	72516946	Whole_chromosome_duplication	2	2	1	NA	NA	no_sub
PD26423e	11	72519217	73214977	Whole_chromosome_duplication	3	2	1	NA	NA	no_sub
PD26423e	11	73216385	134944160	Whole_chromosome_duplication	2	2	1	NA	NA	no_sub
PD26423e	12	188285	49637855	normal	1	1	0.946962083	2	1	subclonal>90
PD26423e	12	49641110	50320203	gain	2	1	1	NA	NA	no_sub
PD26423e	12	50331745	133839356	normal	1	1	0.941604531	2	1	subclonal>90
PD26423e	13	19455253	114992515	normal	1	0	0.069687707	1	1	subclona<10
PD26423e	14	20425051	107289436	gain	2	1	1	NA	NA	no_sub
PD26423e	15	20001774	102431166	-	2	2	0.457057343	3	2	subclonal
PD26423e	16	83807	89967646	normal	1	1	0.93507088	2	1	subclonal>90
PD26423e	17	1880	21525954	LOH	2	0	1	NA	NA	no_sub
PD26423e	17	21532190	79998834	gain	2	1	1	NA	NA	no_sub
PD26423e	18	125479	77998496	normal	1	1	0.942282578	2	1	subclonal>90
PD26423e	19	253938	24510283	Whole_chromosome_duplication	2	2	1	NA	NA	no_sub
PD26423e	19	27742769	58992896	gain	2	1	1	NA	NA	no_sub
PD26423e	20	20059715	24743848	gain	2	1	1	NA	NA	no_sub
PD26423e	20	24744927	25305202	gain_2	3	1	1	NA	NA	no_sub
PD26423e	20	25306338	33584289	gain	2	1	1	NA	NA	no_sub
PD26423e	20	33585834	62955706	normal	1	1	0.948209105	2	1	subclonal>90
PD26423e	21	15273232	48102613	gain	2	1	1	NA	NA	no_sub
PD26423e	22	16600330	49995731	normal	1	1	0.937413561	2	1	subclonal>90
PD26423e	X	1455800	155238153	-	1	0	0.543397393	1	1	subclonal
PD26424a	1	776546	249213594	normal	1	1	1	NA	NA	no_sub
PD26424a	2	11320	6502648	gain	2	1	1	NA	NA	no_sub
PD26424a	2	6583354	26843569	deletion	1	0	1	NA	NA	no_sub
PD26424a	2	26845903	242985493	normal	1	1	1	NA	NA	no_sub
PD26424a	3	73297	131094744	normal	1	1	1	NA	NA	no_sub
PD26424a	3	131104672	131160411	-	1	0	0.707359814	2	0	subclonal
PD26424a	3	131162213	197830111	normal	1	1	1	NA	NA	no_sub
PD26424a	4	72048	190781735	normal	1	1	1	NA	NA	no_sub
PD26424a	5	852691	46345127	gain	2	1	1	NA	NA	no_sub
PD26424a	5	46356195	127171138	normal	1	1	1	NA	NA	no_sub
PD26424a	5	127179152	180714526	gain	2	1	1	NA	NA	no_sub
PD26424a	6	202452	58773345	gain	2	1	1	NA	NA	no_sub
PD26424a	6	61882658	62339471	normal	1	0	0.073875215	1	1	subclona<10
PD26424a	6	62339624	63689527	gain	2	1	1	NA	NA	no_sub
PD26424a	6	63689955	64258654	normal	1	1	1	NA	NA	no_sub
PD26424a	6	64260279	64692487	-	1	1	0.121970912	2	1	subclonal
PD26424a	6	64692721	69462455	deletion	1	0	1	NA	NA	no_sub
PD26424a	6	69463664	70138100	normal	1	1	1	NA	NA	no_sub
PD26424a	6	70140227	71274207	gain_3	4	1	1	NA	NA	no_sub
PD26424a	6	71275276	72766858	-	1	1	0.159405595	2	1	subclonal
PD26424a	6	72767814	76792046	deletion	1	0	1	NA	NA	no_sub
PD26424a	6	76831975	77024522	gain	2	1	1	NA	NA	no_sub
PD26424a	6	77027745	89912043	deletion	1	0	1	NA	NA	no_sub
PD26424a	6	89912366	163088796	deletion	1	0	1	NA	NA	no_sub
PD26424a	6	163089630	163226061	normal	1	1	0.91823722	2	1	subclonal>90
PD26424a	6	163226500	164539696	-	1	0	0.879850505	1	1	subclonal
PD26424a	6	164541294	170620089	-	1	1	0.89473514	2	1	subclonal
PD26424a	6	170623041	170915316	deletion	1	0	1	NA	NA	no_sub
PD26424a	7	82180	159122682	gain	2	1	1	NA	NA	no_sub
PD26424a	8	156504	35471818	deletion	1	0	1	NA	NA	no_sub
PD26424a	8	35532437	38422817	deletion	1	0	0.921123975	1	1	subclonal>90
PD26424a	8	38444462	82676936	normal	1	1	1	NA	NA	no_sub
PD26424a	8	82680820	83285960	-	1	0	0.830897507	2	0	subclonal
PD26424a	8	83317507	146301152	normal	1	1	1	NA	NA	no_sub
PD26424a	9	204850	119304002	gain	2	1	1	NA	NA	no_sub
PD26424a	9	119305313	141031439	normal	1	1	1	NA	NA	no_sub
PD26424a	10	94426	44766508	normal	1	1	1	NA	NA	no_sub
PD26424a	10	44854402	45001314	deletion	1	0	1	NA	NA	no_sub
PD26424a	10	45001901	135235689	normal	1	1	1	NA	NA	no_sub
PD26424a	11	202072	134944160	normal	1	1	1	NA	NA	no_sub
PD26424a	12	202094	133839356	normal	1	1	1	NA	NA	no_sub
PD26424a	13	19464362	115106996	normal	1	1	1	NA	NA	no_sub
PD26424a	14	20425051	25326500	Whole_chromosome_duplication	2	2	1	NA	NA	no_sub
PD26424a	14	25346317	52239715	gain_2	3	1	1	NA	NA	no_sub
PD26424a	14	52241063	81034568	deletion	1	0	1	NA	NA	no_sub
PD26424a	14	81035446	107267719	gain_2	3	1	1	NA	NA	no_sub
PD26424a	15	20001774	102431166	normal	1	1	1	NA	NA	no_sub
PD26424a	16	84170	90163686	normal	1	1	1	NA	NA	no_sub
PD26424a	17	5716	81189863	normal	1	1	1	NA	NA	no_sub
PD26424a	18	125371	78014614	gain	2	1	1	NA	NA	no_sub
PD26424a	19	226776	59098064	gain	2	1	1	NA	NA	no_sub
PD26424a	20	61098	62955706	normal	1	1	1	NA	NA	no_sub
PD26424a	21	15281252	48097290	LOH	2	0	0.950114215	2	1	subclonal>90
PD26424a	22	16601048	51237063	normal	1	1	1	NA	NA	no_sub
PD26424a	X	1461619	2698923	-	1	1	0.896162086	2	1	subclonal
PD26424a	X	5091182	141147383	LOH	2	0	1	NA	NA	no_sub
PD26424a	X	141470518	155234730	normal	1	1	1	NA	NA	no_sub
PD26425e	1	801943	249222835	normal	1	1	1	NA	NA	no_sub
PD26425e	2	11320	89131386	normal	1	1	1	NA	NA	no_sub
PD26425e	2	89134065	89161072	deletion	1	0	1	NA	NA	no_sub
PD26425e	2	89161322	105241755	normal	1	1	1	NA	NA	no_sub
PD26425e	2	105248271	120068635	deletion	1	0	1	NA	NA	no_sub
PD26425e	2	120099953	130462267	normal	1	1	1	NA	NA	no_sub
PD26425e	2	130466005	179593352	deletion	1	0	1	NA	NA	no_sub
PD26425e	2	179606538	242985493	normal	1	1	1	NA	NA	no_sub
PD26425e	3	61176	197808193	normal	1	1	1	NA	NA	no_sub
PD26425e	4	86798	190769223	normal	1	1	1	NA	NA	no_sub
PD26425e	5	850203	1048308	gain	2	1	1	NA	NA	no_sub
PD26425e	5	1060379	102327463	normal	1	1	1	NA	NA	no_sub
PD26425e	5	102327868	127772115	normal	1	0	0.069099896	1	1	subclona<10
PD26425e	5	127797775	128259451	-	1	0	0.415680586	1	1	subclonal
PD26425e	5	128260376	180687907	normal	1	1	1	NA	NA	no_sub
PD26425e	6	204484	136019537	normal	1	1	1	NA	NA	no_sub
PD26425e	6	136075548	167118221	deletion	1	0	1	NA	NA	no_sub
PD26425e	6	167118863	170921585	normal	1	1	1	NA	NA	no_sub
PD26425e	7	80500	13972819	normal	1	1	1	NA	NA	no_sub
PD26425e	7	14004670	15187921	-	1	0	0.373927724	1	1	subclonal
PD26425e	7	15188894	37599384	normal	1	1	1	NA	NA	no_sub
PD26425e	7	37601898	37977249	-	1	0	0.427673374	1	1	subclonal
PD26425e	7	37978086	57841818	normal	1	1	1	NA	NA	no_sub
PD26425e	7	57850825	76830565	-	1	0	0.247229054	1	1	subclonal
PD26425e	7	76960105	159088276	normal	1	1	1	NA	NA	no_sub
PD26425e	8	143207	146300622	normal	1	1	1	NA	NA	no_sub
PD26425e	9	212189	8967176	normal	1	1	1	NA	NA	no_sub
PD26425e	9	8968000	9329870	deletion	1	0	1	NA	NA	no_sub
PD26425e	9	9330772	19947846	normal	1	1	1	NA	NA	no_sub
PD26425e	9	19994802	22544004	deletion	1	0	1	NA	NA	no_sub
PD26425e	9	22549385	141038316	normal	1	1	1	NA	NA	no_sub
PD26425e	10	90127	135235689	normal	1	1	1	NA	NA	no_sub
PD26425e	11	196944	5883855	normal	1	1	1	NA	NA	no_sub
PD26425e	11	5883933	5940232	-	1	0	0.545474114	1	1	subclonal
PD26425e	11	5940555	69857655	normal	1	1	1	NA	NA	no_sub
PD26425e	11	69874267	70537823	deletion	1	0	1	NA	NA	no_sub
PD26425e	11	70540451	90394540	normal	1	0	0.062156651	1	1	subclona<10
PD26425e	11	90396116	102081560	deletion	1	0	1	NA	NA	no_sub
PD26425e	11	102098001	102274180	-	0	0	0.84276952	1	0	subclonal
PD26425e	11	102290601	104695000	-	0	0	0.319262788	1	0	subclonal
PD26425e	11	104696057	109026293	deletion	1	0	1	NA	NA	no_sub
PD26425e	11	109029614	134944606	normal	1	1	1	NA	NA	no_sub
PD26425e	12	188285	133832256	normal	1	1	1	NA	NA	no_sub
PD26425e	13	19449981	29660946	-	1	0	0.359211823	1	1	subclonal
PD26425e	13	29661101	40036947	-	1	0	0.511875075	1	1	subclonal
PD26425e	13	40038354	43009008	-	1	0	0.369690412	1	1	subclonal
PD26425e	13	43009566	48673723	-	1	0	0.497866145	1	1	subclonal
PD26425e	13	48678063	56633460	-	1	0	0.585888349	1	1	subclonal
PD26425e	13	56634138	75554736	-	1	0	0.474000814	1	1	subclonal
PD26425e	13	75556397	115108993	-	1	0	0.40895363	1	1	subclonal
PD26425e	14	20425051	107287250	normal	1	0	0.050118153	1	1	subclona<10
PD26425e	15	22749649	102426739	normal	1	1	1	NA	NA	no_sub
PD26425e	16	116385	48788016	normal	1	1	1	NA	NA	no_sub
PD26425e	16	48789239	54393993	-	1	0	0.382224957	1	1	subclonal
PD26425e	16	54404100	68574225	normal	1	1	1	NA	NA	no_sub
PD26425e	16	68585899	69263915	-	1	0	0.344556636	1	1	subclonal
PD26425e	16	69266276	71802807	normal	1	1	1	NA	NA	no_sub
PD26425e	16	71803914	81415061	-	1	0	0.360147019	1	1	subclonal
PD26425e	16	81415594	88555301	normal	1	1	1	NA	NA	no_sub
PD26425e	16	88559768	89290402	-	1	0	0.350698796	1	1	subclonal
PD26425e	16	89290888	90172730	-	1	1	0.895925954	2	1	subclonal
PD26425e	17	1869	14214906	normal	1	1	1	NA	NA	no_sub
PD26425e	17	14944544	27111064	-	2	0	0.796580729	2	1	subclonal
PD26425e	17	27322137	81190324	normal	1	1	1	NA	NA	no_sub
PD26425e	18	125729	19182326	normal	1	1	1	NA	NA	no_sub
PD26425e	18	19312717	20601508	deletion	1	0	1	NA	NA	no_sub
PD26425e	18	20606596	40782127	normal	1	1	1	NA	NA	no_sub
PD26425e	18	40788387	42099615	deletion	1	0	0.922125364	1	1	subclonal>90
PD26425e	18	42106340	47172909	normal	1	1	1	NA	NA	no_sub
PD26425e	18	47174471	59474490	deletion	1	0	0.91123114	1	1	subclonal>90
PD26425e	18	59508211	78014614	normal	1	1	1	NA	NA	no_sub
PD26425e	19	272444	27825868	normal	1	1	0.941404783	2	1	subclonal>90
PD26425e	19	27936540	29767726	deletion	1	0	1	NA	NA	no_sub
PD26425e	19	29769563	36934946	normal	1	1	1	NA	NA	no_sub
PD26425e	19	36938398	37651470	deletion	1	0	1	NA	NA	no_sub
PD26425e	19	37654263	43943687	normal	1	1	1	NA	NA	no_sub
PD26425e	19	43959388	45342308	deletion	1	0	1	NA	NA	no_sub
PD26425e	19	45345787	59098064	normal	1	1	0.945543336	2	1	subclonal>90
PD26425e	20	68749	62954871	normal	1	1	1	NA	NA	no_sub
PD26425e	21	15280652	48088617	normal	1	1	1	NA	NA	no_sub
PD26425e	22	16603512	51237063	normal	1	1	1	NA	NA	no_sub
PD26425e	X	1455800	23824781	deletion	1	0	1	NA	NA	no_sub
PD26425e	X	24145199	25775767	normal	1	1	1	NA	NA	no_sub
PD26425e	X	27133005	150057917	deletion	1	0	1	NA	NA	no_sub
PD26425e	X	150058825	150423523	LOH_3	4	0	1	NA	NA	no_sub
PD26425e	X	150832542	155238153	deletion	1	0	1	NA	NA	no_sub
PD26426e	1	764191	145328200	normal	1	0	0.041454006	1	1	subclona<10
PD26426e	1	145383227	146498909	gain	2	1	1	NA	NA	no_sub
PD26426e	1	146499470	160698743	-	2	1	0.435139468	3	1	subclonal
PD26426e	1	160707066	249231445	normal	1	1	1	NA	NA	no_sub
PD26426e	2	10725	14690997	normal	1	1	1	NA	NA	no_sub
PD26426e	2	14691616	14859024	deletion	1	0	1	NA	NA	no_sub
PD26426e	2	14859482	89160235	normal	1	1	1	NA	NA	no_sub
PD26426e	2	89161322	89326083	LOH	2	0	1	NA	NA	no_sub
PD26426e	2	89327931	242965104	normal	1	1	1	NA	NA	no_sub
PD26426e	3	61113	197742603	gain	2	1	1	NA	NA	no_sub
PD26426e	3	164239605	164330365	LOH	2	0	1	NA	NA	no_sub
PD26426e	3	164335107	197742603	-	2	1	1	NA	NA	no_sub
PD26426e	4	81303	65322302	LOH	2	0	1	NA	NA	no_sub
PD26426e	4	23387315	23397881	normal	1	1	1	NA	NA	no_sub
PD26426e	4	23399305	65322302	-	2	0	1	NA	NA	no_sub
PD26426e	4	65323247	65408742	normal	1	1	1	NA	NA	no_sub
PD26426e	4	65413203	68534392	deletion	1	0	1	NA	NA	no_sub
PD26426e	4	68535043	68552448	normal	1	1	1	NA	NA	no_sub
PD26426e	4	68552897	69862775	deletion	1	0	1	NA	NA	no_sub
PD26426e	4	69863528	69999446	-	1	0	0.861974764	1	1	subclonal
PD26426e	4	70000824	74120347	LOH	2	0	1	NA	NA	no_sub
PD26426e	4	74121794	74263699	-	1	0	0.788159552	1	1	subclonal
PD26426e	4	74264441	111311301	LOH	2	0	1	NA	NA	no_sub
PD26426e	4	111312190	111313188	deletion	1	0	1	NA	NA	no_sub
PD26426e	4	111313789	114189415	deletion	1	0	1	NA	NA	no_sub
PD26426e	4	114189684	114193545	-	1	0	0.677984852	1	1	subclonal
PD26426e	4	114193673	117359860	LOH	2	0	1	NA	NA	no_sub
PD26426e	4	117360008	117373702	-	1	0	0.677670439	1	1	subclonal
PD26426e	4	117375275	130572759	LOH	2	0	1	NA	NA	no_sub
PD26426e	4	130572809	130573436	gain	2	1	1	NA	NA	no_sub
PD26426e	4	130573446	135208708	deletion	1	0	1	NA	NA	no_sub
PD26426e	4	135211043	135241551	-	1	0	0.813624962	1	1	subclonal
PD26426e	4	135241733	145196387	LOH	2	0	1	NA	NA	no_sub
PD26426e	4	145199748	145206027	deletion	1	0	1	NA	NA	no_sub
PD26426e	4	145206140	153162575	LOH	2	0	1	NA	NA	no_sub
PD26426e	4	153164010	153171064	normal	1	1	1	NA	NA	no_sub
PD26426e	4	153174242	164649607	LOH	2	0	1	NA	NA	no_sub
PD26426e	4	164650519	164655952	normal	1	1	1	NA	NA	no_sub
PD26426e	4	164656102	172560014	LOH	2	0	1	NA	NA	no_sub
PD26426e	4	172560610	172582297	-	1	0	0.802183266	1	1	subclonal
PD26426e	4	172582692	190790246	LOH	2	0	1	NA	NA	no_sub
PD26426e	5	849504	46404791	gain	2	1	1	NA	NA	no_sub
PD26426e	5	46405053	166407956	normal	1	0	0.085660661	1	1	subclona<10
PD26426e	5	166422448	166608454	LOH	2	0	1	NA	NA	no_sub
PD26426e	5	166659503	180714439	normal	1	1	0.910539576	2	1	subclonal>90
PD26426e	6	202452	4792320	gain	2	1	1	NA	NA	no_sub
PD26426e	6	4792377	5006060	normal	1	1	1	NA	NA	no_sub
PD26426e	6	5007946	77176057	gain	2	1	1	NA	NA	no_sub
PD26426e	6	77178231	121140375	-	1	1	0.212054619	2	1	subclonal
PD26426e	6	121141140	170921585	gain	2	1	1	NA	NA	no_sub
PD26426e	7	81237	943381	-	1	1	0.139927276	2	1	subclonal
PD26426e	7	944683	1075134	normal	1	1	1	NA	NA	no_sub
PD26426e	7	1075573	159125264	gain	2	1	1	NA	NA	no_sub
PD26426e	8	33578	113368547	normal	1	1	1	NA	NA	no_sub
PD26426e	8	113370291	114273427	gain	2	1	1	NA	NA	no_sub
PD26426e	8	114276002	129179788	normal	1	1	1	NA	NA	no_sub
PD26426e	8	129179955	146300287	-	2	1	0.4269402	3	1	subclonal
PD26426e	9	203937	141062494	Whole_chromosome_duplication	2	2	1	NA	NA	no_sub
PD26426e	10	94426	115135422	normal	1	1	1	NA	NA	no_sub
PD26426e	10	115139606	115231045	deletion	1	0	0.917773831	1	1	subclonal>90
PD26426e	10	115233370	135236717	normal	1	1	1	NA	NA	no_sub
PD26426e	11	196944	134945765	gain	2	1	1	NA	NA	no_sub
PD26426e	12	189464	133839356	normal	1	1	1	NA	NA	no_sub
PD26426e	13	19451600	112598958	normal	1	1	1	NA	NA	no_sub
PD26426e	13	112599939	115109546	-	1	0	0.892434198	1	1	subclonal
PD26426e	14	20425051	71544363	normal	1	1	1	NA	NA	no_sub
PD26426e	14	71546825	107289436	-	1	0	0.649702409	1	1	subclonal
PD26426e	15	20001774	102406223	-	1	1	0.658427118	2	1	subclonal
PD26426e	16	84943	35285726	normal	1	1	1	NA	NA	no_sub
PD26426e	16	46461112	56865185	deletion	1	0	1	NA	NA	no_sub
PD26426e	16	56866196	56872824	deletion	1	0	1	NA	NA	no_sub
PD26426e	16	56881638	62872335	deletion	1	0	1	NA	NA	no_sub
PD26426e	16	62874626	62965749	-	0	0	0.876871223	1	0	subclonal
PD26426e	16	62970107	65341946	-	0	0	0.3300065	1	0	subclonal
PD26426e	16	65342133	65620361	-	0	0	0.838537938	1	0	subclonal
PD26426e	16	65620755	66110259	-	0	0	0.506717503	1	0	subclonal
PD26426e	16	66110275	66125558	bi_del	0	0	1	NA	NA	no_sub
PD26426e	16	66126107	66992254	-	0	0	0.451047951	1	0	subclonal
PD26426e	16	66994923	68233416	-	0	0	0.872953347	1	0	subclonal
PD26426e	16	68235052	68626498	-	0	0	0.654340862	1	0	subclonal
PD26426e	16	68627636	68629683	normal	1	1	1	NA	NA	no_sub
PD26426e	16	68630767	69915350	-	0	0	0.7438275	1	0	subclonal
PD26426e	16	69915761	69917740	bi_del	0	0	1	NA	NA	no_sub
PD26426e	16	69920321	73106102	deletion	1	0	1	NA	NA	no_sub
PD26426e	16	73106745	74867534	-	0	0	0.667061924	1	0	subclonal
PD26426e	16	74868173	77535775	deletion	1	0	1	NA	NA	no_sub
PD26426e	16	77537996	77563650	deletion	1	0	1	NA	NA	no_sub
PD26426e	16	77564902	77595414	-	0	0	0.757338092	1	0	subclonal
PD26426e	16	77596720	77598295	bi_del	0	0	1	NA	NA	no_sub
PD26426e	16	77599466	78143993	deletion	1	0	1	NA	NA	no_sub
PD26426e	16	78144996	78146421	deletion	1	0	1	NA	NA	no_sub
PD26426e	16	78146850	89725150	deletion	1	0	1	NA	NA	no_sub
PD26426e	16	89725971	89728653	bi_del	0	0	1	NA	NA	no_sub
PD26426e	16	89728679	90172730	deletion	1	0	1	NA	NA	no_sub
PD26426e	17	2717	81151920	normal	1	1	1	NA	NA	no_sub
PD26426e	18	125380	63775143	normal	1	1	1	NA	NA	no_sub
PD26426e	18	63777055	63872907	-	1	0	0.650527926	1	1	subclonal
PD26426e	18	63873897	78017064	normal	1	1	1	NA	NA	no_sub
PD26426e	19	245631	24512429	gain	2	1	1	NA	NA	no_sub
PD26426e	19	27744763	59095365	normal	1	0	0.053818731	1	1	subclona<10
PD26426e	20	60571	62953801	normal	1	1	1	NA	NA	no_sub
PD26426e	21	15273857	15840827	LOH	2	0	0.933667222	2	1	subclonal>90
PD26426e	21	15842174	15848265	gain	2	1	1	NA	NA	no_sub
PD26426e	21	15849264	16242611	LOH	2	0	1	NA	NA	no_sub
PD26426e	21	16244359	16246918	gain	2	1	1	NA	NA	no_sub
PD26426e	21	16248015	17369225	LOH	2	0	0.911527506	2	1	subclonal>90
PD26426e	21	17369850	17370326	gain	2	1	1	NA	NA	no_sub
PD26426e	21	17370609	20827089	LOH	2	0	0.922562984	2	1	subclonal>90
PD26426e	21	20828257	20831582	gain	2	1	1	NA	NA	no_sub
PD26426e	21	20832809	21380574	-	2	0	0.853404183	2	1	subclonal
PD26426e	21	21381470	21383957	gain	2	1	1	NA	NA	no_sub
PD26426e	21	21386251	21593355	LOH	2	0	1	NA	NA	no_sub
PD26426e	21	21594708	21610046	normal	1	1	1	NA	NA	no_sub
PD26426e	21	21610254	21991885	LOH	2	0	0.90503049	2	1	subclonal>90
PD26426e	21	21992095	22000714	gain	2	1	1	NA	NA	no_sub
PD26426e	21	22005086	23007137	LOH	2	0	0.922370319	2	1	subclonal>90
PD26426e	21	23007299	23050752	gain	2	1	1	NA	NA	no_sub
PD26426e	21	23050798	23191138	-	2	0	0.890783829	2	1	subclonal
PD26426e	21	23191323	23193182	normal	1	1	1	NA	NA	no_sub
PD26426e	21	23193246	24117567	LOH	2	0	0.966888784	2	1	subclonal>90
PD26426e	21	24118072	24160857	-	2	0	0.485079371	2	1	subclonal
PD26426e	21	24161029	24163998	normal	1	1	1	NA	NA	no_sub
PD26426e	21	24166144	25180603	LOH	2	0	0.967925643	2	1	subclonal>90
PD26426e	21	25180720	25214365	gain	2	1	1	NA	NA	no_sub
PD26426e	21	25215753	25336588	-	2	0	0.87199181	2	1	subclonal
PD26426e	21	25336682	25342662	normal	1	1	1	NA	NA	no_sub
PD26426e	21	25342921	25415778	-	2	0	0.633509403	2	1	subclonal
PD26426e	21	25418975	25966847	LOH	2	0	1	NA	NA	no_sub
PD26426e	21	25966854	26125397	-	2	0	0.733618919	2	1	subclonal
PD26426e	21	26126137	26126646	gain_2	3	1	1	NA	NA	no_sub
PD26426e	21	26126768	26409127	LOH	2	0	0.906008952	2	1	subclonal>90
PD26426e	21	26409867	26421156	normal	1	1	1	NA	NA	no_sub
PD26426e	21	26421220	26492610	LOH	2	0	1	NA	NA	no_sub
PD26426e	21	26492871	26501858	gain	2	1	1	NA	NA	no_sub
PD26426e	21	26502018	28346681	LOH	2	0	0.935248531	2	1	subclonal>90
PD26426e	21	28347119	28354829	gain	2	1	1	NA	NA	no_sub
PD26426e	21	28355042	28616982	LOH	2	0	0.945693895	2	1	subclonal>90
PD26426e	21	28619904	28636576	gain	2	1	1	NA	NA	no_sub
PD26426e	21	28642735	28705751	LOH	2	0	1	NA	NA	no_sub
PD26426e	21	28707718	28720747	normal	1	1	1	NA	NA	no_sub
PD26426e	21	28720763	28849664	LOH	2	0	1	NA	NA	no_sub
PD26426e	21	28852005	28862712	gain	2	1	1	NA	NA	no_sub
PD26426e	21	28864114	29110982	-	2	0	0.775356854	2	1	subclonal
PD26426e	21	29111300	29115653	gain	2	1	1	NA	NA	no_sub
PD26426e	21	29120337	29286187	-	2	0	0.785313908	2	1	subclonal
PD26426e	21	29289760	29305615	normal	1	1	1	NA	NA	no_sub
PD26426e	21	29306959	29457290	LOH	2	0	0.926236544	2	1	subclonal>90
PD26426e	21	29457353	29459741	normal	1	1	1	NA	NA	no_sub
PD26426e	21	29460029	29832109	-	2	0	0.753373169	2	1	subclonal
PD26426e	21	29834468	29849268	gain	2	1	1	NA	NA	no_sub
PD26426e	21	29854219	29967740	-	2	0	0.815058715	2	1	subclonal
PD26426e	21	29968167	29968553	LOH	2	0	1	NA	NA	no_sub
PD26426e	21	29968733	29986640	gain	2	1	1	NA	NA	no_sub
PD26426e	21	29986647	30045245	LOH_4	5	0	1	NA	NA	no_sub
PD26426e	21	30046426	30067808	normal	1	1	1	NA	NA	no_sub
PD26426e	21	30068281	30151028	LOH	2	0	1	NA	NA	no_sub
PD26426e	21	30153902	30155799	gain	2	1	1	NA	NA	no_sub
PD26426e	21	30162855	30702736	LOH	2	0	0.916376556	2	1	subclonal>90
PD26426e	21	30705035	30716311	gain	2	1	1	NA	NA	no_sub
PD26426e	21	30720673	30735358	LOH_2	3	0	1	NA	NA	no_sub
PD26426e	21	30737060	30744905	gain	2	1	1	NA	NA	no_sub
PD26426e	21	30745405	30858148	-	2	0	0.885889294	2	1	subclonal
PD26426e	21	30858883	30860646	gain	2	1	1	NA	NA	no_sub
PD26426e	21	30861263	31354042	-	2	0	0.879439319	2	1	subclonal
PD26426e	21	31360984	31368106	gain	2	1	1	NA	NA	no_sub
PD26426e	21	31370723	31482245	LOH	2	0	1	NA	NA	no_sub
PD26426e	21	31482289	31490482	normal	1	1	1	NA	NA	no_sub
PD26426e	21	31491346	31817334	LOH_2	3	0	1	NA	NA	no_sub
PD26426e	21	31825413	31848346	gain	2	1	1	NA	NA	no_sub
PD26426e	21	31854479	31978884	LOH	2	0	1	NA	NA	no_sub
PD26426e	21	31979199	32014263	normal	1	1	1	NA	NA	no_sub
PD26426e	21	32017177	32499632	LOH	2	0	0.91534153	2	1	subclonal>90
PD26426e	21	32499781	32547098	gain	2	1	1	NA	NA	no_sub
PD26426e	21	32548413	32622965	-	2	0	0.810191879	2	1	subclonal
PD26426e	21	32623360	32669117	gain	2	1	1	NA	NA	no_sub
PD26426e	21	32670601	33240372	-	2	0	0.899057755	2	1	subclonal
PD26426e	21	33240571	33327304	-	2	0	0.547601772	2	1	subclonal
PD26426e	21	33327381	33329322	gain	2	1	1	NA	NA	no_sub
PD26426e	21	33331458	33787983	LOH	2	0	0.921021508	2	1	subclonal>90
PD26426e	21	33789991	33799572	gain	2	1	1	NA	NA	no_sub
PD26426e	21	33799931	33914396	-	2	0	0.643066969	2	1	subclonal
PD26426e	21	33915294	33922940	-	2	0	0.147040726	2	1	subclonal
PD26426e	21	33922984	33937888	LOH	2	0	1	NA	NA	no_sub
PD26426e	21	33939274	33949151	Whole_chromosome_duplication	2	2	1	NA	NA	no_sub
PD26426e	21	33949822	34728685	LOH	2	0	0.941446278	2	1	subclonal>90
PD26426e	21	34732652	34761469	gain	2	1	1	NA	NA	no_sub
PD26426e	21	34766501	35782260	LOH	2	0	0.935365478	2	1	subclonal>90
PD26426e	21	35783219	35783531	gain	2	1	1	NA	NA	no_sub
PD26426e	21	35790540	36655535	LOH	2	0	0.955571347	2	1	subclonal>90
PD26426e	21	36656120	36663272	Whole_chromosome_duplication	2	2	1	NA	NA	no_sub
PD26426e	21	36663726	36864623	-	3	0	0.685063602	3	1	subclonal
PD26426e	21	36864928	45049944	LOH	2	0	1	NA	NA	no_sub
PD26426e	21	45051470	45058182	gain	2	1	1	NA	NA	no_sub
PD26426e	21	45058683	45491683	LOH	2	0	0.924905346	2	1	subclonal>90
PD26426e	21	45548059	45611038	gain	2	1	1	NA	NA	no_sub
PD26426e	21	45611731	46762507	LOH	2	0	1	NA	NA	no_sub
PD26426e	21	46762648	46763889	gain	2	1	1	NA	NA	no_sub
PD26426e	21	46764025	48118722	LOH	2	0	0.957018967	2	1	subclonal>90
PD26426e	22	16628713	51233797	normal	1	1	1	NA	NA	no_sub
PD26426e	X	1453500	2571752	deletion	1	0	1	NA	NA	no_sub
PD26426e	X	2571843	2574598	bi_del	0	0	0.917960268	1	0	subclonal>90
PD26426e	X	2575606	5558539	deletion	1	0	1	NA	NA	no_sub
PD26426e	X	5599893	41297519	-	1	0	0.56149669	1	1	subclonal
PD26426e	X	41297599	106433136	-	1	0	0.849073117	1	1	subclonal
PD26426e	X	107275210	112893723	normal	1	1	1	NA	NA	no_sub
PD26426e	X	113923767	126412963	-	1	0	0.766020852	1	1	subclonal
PD26426e	X	126797765	129123811	-	1	0	0.866667533	1	1	subclonal
PD26426e	X	130018152	140994444	-	1	0	0.691912919	1	1	subclonal
PD26426e	X	141145662	155234730	deletion	1	0	1	NA	NA	no_sub
PD26427a	1	801943	121332961	normal	1	1	1	NA	NA	no_sub
PD26427a	1	145376405	249184882	-	4	0	0.471005273	5	0	subclonal
PD26427a	2	11573	242955889	normal	1	1	1	NA	NA	no_sub
PD26427a	3	60363	197832793	normal	1	1	1	NA	NA	no_sub
PD26427a	4	11870	190788326	normal	1	1	1	NA	NA	no_sub
PD26427a	5	852691	1047220	LOH	2	0	1	NA	NA	no_sub
PD26427a	5	1055565	180711013	normal	1	1	1	NA	NA	no_sub
PD26427a	6	203878	170980246	normal	1	1	1	NA	NA	no_sub
PD26427a	7	82180	159098971	normal	1	1	1	NA	NA	no_sub
PD26427a	8	159251	146301152	-	1	1	0.799091879	2	1	subclonal
PD26427a	9	203761	141069420	Whole_chromosome_duplication	3	2	1	NA	NA	no_sub
PD26427a	10	106126	135236576	normal	1	1	1	NA	NA	no_sub
PD26427a	11	196944	69522775	-	2	2	0.467139503	3	2	subclonal
PD26427a	11	69523169	134945765	-	2	1	0.806871553	2	2	subclonal
PD26427a	12	190980	87273433	normal	1	1	1	NA	NA	no_sub
PD26427a	12	87273867	133820568	-	1	0	0.493031259	1	1	subclonal
PD26427a	13	19449788	115108993	normal	1	1	1	NA	NA	no_sub
PD26427a	14	20428040	106019014	normal	1	1	1	NA	NA	no_sub
PD26427a	14	107179268	107287663	deletion	1	0	-7.967405205	2	0	subclona<10
PD26427a	15	20001774	46837771	normal	1	1	1	NA	NA	no_sub
PD26427a	15	46837912	61797499	-	1	1	0.502936471	2	1	subclonal
PD26427a	15	61798743	61863856	LOH	2	0	1	NA	NA	no_sub
PD26427a	15	61866973	102426739	-	1	1	0.431244173	2	1	subclonal
PD26427a	16	86084	35209608	-	1	1	0.892832795	2	1	subclonal
PD26427a	16	35214188	90173172	deletion	1	0	1	NA	NA	no_sub
PD26427a	17	3104	81130897	-	1	1	0.888466764	2	1	subclonal
PD26427a	18	125371	78017073	-	1	1	0.855751042	2	1	subclonal
PD26427a	19	158847	59097308	-	1	1	0.873970079	2	1	subclonal
PD26427a	20	61098	62910548	-	1	1	0.891033013	2	1	subclonal
PD26427a	21	15273232	48097610	normal	1	1	1	NA	NA	no_sub
PD26427a	22	16566779	23029526	-	1	1	0.868837974	2	1	subclonal
PD26427a	22	23031392	23232784	deletion	1	0	-6.410538831	2	0	subclona<10
PD26427a	22	23254219	51208568	normal	1	1	1	NA	NA	no_sub
PD26427a	X	1453839	155213651	-	1	0	0.213937021	1	1	subclonal
PD26428a	1	768253	249154961	normal	1	1	1	NA	NA	no_sub
PD26428a	2	11320	242985493	normal	1	1	1	NA	NA	no_sub
PD26428a	3	77942	197832793	normal	1	1	1	NA	NA	no_sub
PD26428a	4	11870	190790246	normal	1	1	1	NA	NA	no_sub
PD26428a	5	853258	180790558	normal	1	1	1	NA	NA	no_sub
PD26428a	6	203397	168375879	normal	1	1	1	NA	NA	no_sub
PD26428a	6	168378848	168597242	gain	2	1	1	NA	NA	no_sub
PD26428a	6	168599019	170919682	normal	1	1	0.929629725	2	1	subclonal>90
PD26428a	7	80500	159122935	normal	1	1	1	NA	NA	no_sub
PD26428a	8	159286	146273484	normal	1	1	1	NA	NA	no_sub
PD26428a	9	203761	141068960	-	1	1	0.898535221	2	1	subclonal
PD26428a	10	90127	135235639	normal	1	1	1	NA	NA	no_sub
PD26428a	11	197557	134940252	normal	1	1	1	NA	NA	no_sub
PD26428a	12	189093	133812415	normal	1	1	1	NA	NA	no_sub
PD26428a	13	19478607	115103150	normal	1	1	1	NA	NA	no_sub
PD26428a	14	20425051	105406235	normal	1	1	1	NA	NA	no_sub
PD26428a	14	105409907	105416748	LOH	2	0	1	NA	NA	no_sub
PD26428a	14	105422580	107289436	-	1	0	0.116668577	1	1	subclonal
PD26428a	15	20044342	102431166	normal	1	1	1	NA	NA	no_sub
PD26428a	16	84170	90166109	normal	1	1	1	NA	NA	no_sub
PD26428a	17	2041	81151920	normal	1	1	1	NA	NA	no_sub
PD26428a	18	132649	78017073	normal	1	1	1	NA	NA	no_sub
PD26428a	19	226776	59097308	-	1	1	0.881523206	2	1	subclonal
PD26428a	20	61098	62955706	normal	1	1	1	NA	NA	no_sub
PD26428a	21	15273535	48101335	normal	1	1	1	NA	NA	no_sub
PD26428a	22	16595552	51208537	normal	1	1	1	NA	NA	no_sub
PD26428a	X	1453500	2698923	normal	1	1	0.913090127	2	1	subclonal>90
PD26428a	X	5088868	151510440	-	2	0	0.60853328	2	1	subclonal
PD26428a	X	151904144	155238153	normal	1	1	1	NA	NA	no_sub
PD26429a	1	776546	89967054	normal	1	1	1	NA	NA	no_sub
PD26429a	1	89970163	121225970	deletion	1	0	1	NA	NA	no_sub
PD26429a	1	121280857	249216384	normal	1	1	1	NA	NA	no_sub
PD26429a	2	23368	4096440	normal	1	1	0.933231022	2	1	subclonal>90
PD26429a	2	4098079	5523968	-	0	0	0.129894734	1	0	subclonal
PD26429a	2	5538274	19901053	normal	1	1	1	NA	NA	no_sub
PD26429a	2	19923426	21428667	deletion	1	0	1	NA	NA	no_sub
PD26429a	2	21477012	242592420	normal	1	1	1	NA	NA	no_sub
PD26429a	2	242629059	242980206	LOH	2	0	1	NA	NA	no_sub
PD26429a	3	60363	177535841	normal	1	1	1	NA	NA	no_sub
PD26429a	3	177539293	177919147	deletion	1	0	1	NA	NA	no_sub
PD26429a	3	177966412	197842892	normal	1	1	1	NA	NA	no_sub
PD26429a	4	11870	190781985	normal	1	1	1	NA	NA	no_sub
PD26429a	5	849504	54058141	gain	2	1	1	NA	NA	no_sub
PD26429a	5	54058862	55272596	normal	1	0	0.071553374	1	1	subclona<10
PD26429a	5	55273179	77598466	gain	2	1	1	NA	NA	no_sub
PD26429a	5	77605391	84605534	normal	1	0	0.093131058	1	1	subclona<10
PD26429a	5	84611579	96637770	gain	2	1	1	NA	NA	no_sub
PD26429a	5	96638186	96665465	normal	1	1	1	NA	NA	no_sub
PD26429a	5	96666874	180685900	gain	2	1	1	NA	NA	no_sub
PD26429a	6	203397	58764555	normal	1	1	1	NA	NA	no_sub
PD26429a	6	61882549	62055299	deletion	1	0	1	NA	NA	no_sub
PD26429a	6	62055530	62116232	normal	1	1	1	NA	NA	no_sub
PD26429a	6	62179303	170921585	deletion	1	0	1	NA	NA	no_sub
PD26429a	7	80500	100241402	normal	1	1	1	NA	NA	no_sub
PD26429a	7	100347002	100757059	LOH	2	0	1	NA	NA	no_sub
PD26429a	7	100884535	159122935	normal	1	1	1	NA	NA	no_sub
PD26429a	8	155757	36445852	deletion	1	0	1	NA	NA	no_sub
PD26429a	8	36451558	146301152	normal	1	1	1	NA	NA	no_sub
PD26429a	9	207454	141058424	gain	2	1	1	NA	NA	no_sub
PD26429a	9	101477500	101921585	normal	1	1	1	NA	NA	no_sub
PD26429a	9	101939607	141058424	-	2	1	1	NA	NA	subclonal
PD26429a	10	220463	135208612	normal	1	1	1	NA	NA	no_sub
PD26429a	11	199813	134940252	gain	2	1	1	NA	NA	no_sub
PD26429a	12	189093	51841244	deletion	1	0	1	NA	NA	no_sub
PD26429a	12	51933290	55480856	normal	1	1	0.94686463	2	1	subclonal>90
PD26429a	12	55482043	68505416	deletion	1	0	1	NA	NA	no_sub
PD26429a	12	68506272	76364611	normal	1	1	1	NA	NA	no_sub
PD26429a	12	76366258	85549810	deletion	1	0	1	NA	NA	no_sub
PD26429a	12	85551659	88578215	normal	1	1	1	NA	NA	no_sub
PD26429a	12	88659383	96824259	deletion	1	0	1	NA	NA	no_sub
PD26429a	12	96897127	97420655	normal	1	1	1	NA	NA	no_sub
PD26429a	12	97422543	112407438	deletion	1	0	1	NA	NA	no_sub
PD26429a	12	112410077	117252552	normal	1	1	1	NA	NA	no_sub
PD26429a	12	117379685	124922325	deletion	1	0	1	NA	NA	no_sub
PD26429a	12	124924607	133831319	normal	1	1	0.950566633	2	1	subclonal>90
PD26429a	13	19451600	115108993	deletion	1	0	1	NA	NA	no_sub
PD26429a	14	20428040	107289436	normal	1	1	1	NA	NA	no_sub
PD26429a	15	20001861	102327049	gain	2	1	1	NA	NA	no_sub
PD26429a	16	115072	17707969	deletion	1	0	1	NA	NA	no_sub
PD26429a	16	17709783	34021056	normal	1	1	1	NA	NA	no_sub
PD26429a	16	34204266	90166109	LOH	2	0	1	NA	NA	no_sub
PD26429a	17	5687	6100217	-	1	0	0.110632191	1	1	subclonal
PD26429a	17	6100801	21480997	-	1	0	0.217545767	1	1	subclonal
PD26429a	17	21481436	81151920	normal	1	1	1	NA	NA	no_sub
PD26429a	18	125371	78015230	normal	1	1	1	NA	NA	no_sub
PD26429a	19	226776	36129202	gain	2	1	1	NA	NA	no_sub
PD26429a	19	36129789	37796311	normal	1	1	1	NA	NA	no_sub
PD26429a	19	37797261	59087718	gain	2	1	1	NA	NA	no_sub
PD26429a	20	61098	62918829	normal	1	1	1	NA	NA	no_sub
PD26429a	21	15273817	48101335	normal	1	1	1	NA	NA	no_sub
PD26429a	22	16601048	51237063	normal	1	1	1	NA	NA	no_sub
PD26429a	X	1453839	155238153	deletion	1	0	1	NA	NA	no_sub
PD26432c	1	776546	249201268	normal	1	1	1	NA	NA	no_sub
PD26432c	2	11320	89159180	normal	1	0	0.099635402	1	1	subclona<10
PD26432c	2	89166249	89322084	LOH_4	5	0	1	NA	NA	no_sub
PD26432c	2	91924746	242962666	normal	1	1	1	NA	NA	no_sub
PD26432c	3	60596	173503973	gain_2	3	1	1	NA	NA	no_sub
PD26432c	3	173504091	185562292	-	2	1	0.630865456	3	1	subclonal
PD26432c	3	185563274	197846280	gain_2	3	1	1	NA	NA	no_sub
PD26432c	4	11870	38175508	normal	1	1	1	NA	NA	no_sub
PD26432c	4	38175822	40898575	-	1	1	0.51688692	2	1	subclonal
PD26432c	4	40899711	190766119	normal	1	1	1	NA	NA	no_sub
PD26432c	5	851582	180718018	gain_2	3	1	1	NA	NA	no_sub
PD26432c	5	29813553	31652235	-	3	0	0.596026238	3	1	subclonal
PD26432c	6	202777	114202809	normal	1	1	1	NA	NA	no_sub
PD26432c	6	114203546	170919735	-	1	0	0.613587767	1	1	subclonal
PD26432c	8	155757	140550541	normal	1	1	1	NA	NA	no_sub
PD26432c	8	140589397	141436052	deletion	1	0	1	NA	NA	no_sub
PD26432c	8	141436826	146273484	-	1	1	0.86100292	2	1	subclonal
PD26432c	9	203937	44899859	Whole_chromosome_duplication	3	3	1	NA	NA	no_sub
PD26432c	9	44901960	141050429	-	3	2	0.630340882	3	3	subclonal
PD26432c	10	162102	135235890	-	1	1	0.875135422	2	1	subclonal
PD26432c	11	197337	134944160	-	3	1	0.601518338	4	1	subclonal
PD26432c	12	191450	133831319	normal	1	1	1	NA	NA	no_sub
PD26432c	13	19449788	75737601	normal	1	1	1	NA	NA	no_sub
PD26432c	13	75737810	83475931	-	1	0	0.604719711	1	1	subclonal
PD26432c	13	83476824	115108993	normal	1	1	1	NA	NA	no_sub
PD26432c	14	20433516	107283598	normal	1	1	1	NA	NA	no_sub
PD26432c	15	20001774	102431166	gain_4	5	1	1	NA	NA	no_sub
PD26432c	16	84170	35233709	normal	1	1	1	NA	NA	no_sub
PD26432c	16	35244979	57512497	-	1	0	0.816401562	1	1	subclonal
PD26432c	16	57512664	67885527	-	0	0	0.712366737	1	0	subclonal
PD26432c	16	67903296	90137323	-	1	0	0.773423363	1	1	subclonal
PD26432c	17	1880	73801154	-	1	1	0.897331449	2	1	subclonal
PD26432c	17	73803913	81151920	-	1	1	0.736145276	2	1	subclonal
PD26432c	18	125729	78014608	normal	1	1	1	NA	NA	no_sub
PD26432c	19	226776	59097308	gain_2	3	1	1	NA	NA	no_sub
PD26432c	20	61098	62917729	normal	1	1	1	NA	NA	no_sub
PD26432c	21	15281252	48100711	normal	1	1	1	NA	NA	no_sub
PD26432c	22	16601048	23054916	normal	1	1	1	NA	NA	no_sub
PD26432c	22	23055533	23231755	LOH_6	7	0	1	NA	NA	no_sub
PD26432c	22	23238210	51237063	-	1	1	0.89751404	2	1	subclonal
PD26432c	X	1453500	2698923	-	1	1	0.783870497	2	1	subclonal
PD26432c	X	5345668	150916934	LOH_4	5	0	1	NA	NA	no_sub
PD26432c	X	151615964	155249621	normal	1	1	1	NA	NA	no_sub
PD26435c	1	862772	82558543	normal	1	1	1	NA	NA	no_sub
PD26435c	1	82559003	120170379	-	1	0	0.55839061	1	1	subclonal
PD26435c	1	120170689	121319231	-	1	1	0.854004945	2	1	subclonal
PD26435c	1	121321866	249201268	gain	2	1	1	NA	NA	no_sub
PD26435c	2	11320	89130009	normal	1	1	1	NA	NA	no_sub
PD26435c	2	89134065	95909327	deletion	1	0	1	NA	NA	no_sub
PD26435c	2	95938323	242978945	normal	1	1	1	NA	NA	no_sub
PD26435c	3	77942	197846280	gain	2	1	1	NA	NA	no_sub
PD26435c	4	77791	190790246	normal	1	1	1	NA	NA	no_sub
PD26435c	5	850203	882540	LOH_2	3	0	1	NA	NA	no_sub
PD26435c	5	893356	180714439	normal	1	1	1	NA	NA	no_sub
PD26435c	6	171716	167608602	normal	1	1	1	NA	NA	no_sub
PD26435c	6	167610819	168183174	gain	2	1	1	NA	NA	no_sub
PD26435c	6	168183237	170921585	-	1	1	0.848868221	2	1	subclonal
PD26435c	7	82180	159122935	normal	1	1	1	NA	NA	no_sub
PD26435c	8	155757	47040083	deletion	1	0	1	NA	NA	no_sub
PD26435c	8	47047852	56040236	normal	1	1	1	NA	NA	no_sub
PD26435c	8	56047072	57371794	gain	2	1	1	NA	NA	no_sub
PD26435c	8	57371928	93264306	normal	1	1	1	NA	NA	no_sub
PD26435c	8	93264453	98655937	gain	2	1	1	NA	NA	no_sub
PD26435c	8	98656207	118567694	normal	1	1	1	NA	NA	no_sub
PD26435c	8	118571564	129315675	gain	2	1	1	NA	NA	no_sub
PD26435c	8	129560066	130423612	normal	1	1	1	NA	NA	no_sub
PD26435c	8	130426284	131054236	-	2	1	0.76090613	3	1	subclonal
PD26435c	8	131057023	146273484	normal	1	1	1	NA	NA	no_sub
PD26435c	9	203761	141069765	gain	2	1	1	NA	NA	no_sub
PD26435c	10	94541	135205009	normal	1	1	1	NA	NA	no_sub
PD26435c	11	196944	134891193	gain	2	1	1	NA	NA	no_sub
PD26435c	12	202094	133839356	normal	1	1	1	NA	NA	no_sub
PD26435c	13	19486352	115106996	deletion	1	0	1	NA	NA	no_sub
PD26435c	14	20428592	50535374	normal	1	1	1	NA	NA	no_sub
PD26435c	14	50535608	93372401	deletion	1	0	1	NA	NA	no_sub
PD26435c	14	93372469	102766586	normal	1	1	1	NA	NA	no_sub
PD26435c	14	102820561	105828500	deletion	1	0	1	NA	NA	no_sub
PD26435c	14	105858022	107255234	normal	1	1	1	NA	NA	no_sub
PD26435c	15	20001774	102388991	normal	1	1	1	NA	NA	no_sub
PD26435c	16	83807	88555301	normal	1	1	1	NA	NA	no_sub
PD26435c	16	88556880	88662710	-	2	0	0.409619676	2	1	subclonal
PD26435c	16	88663371	90173172	-	1	1	0.863930967	2	1	subclonal
PD26435c	17	1389	81108721	normal	1	1	1	NA	NA	no_sub
PD26435c	18	125371	78015230	normal	1	1	1	NA	NA	no_sub
PD26435c	19	240646	50291947	gain	2	1	1	NA	NA	no_sub
PD26435c	19	50320987	50568852	normal	1	1	1	NA	NA	no_sub
PD26435c	19	50569560	59097308	gain	2	1	1	NA	NA	no_sub
PD26435c	20	67184	33592721	normal	1	1	1	NA	NA	no_sub
PD26435c	20	33606383	36061623	deletion	1	0	1	NA	NA	no_sub
PD26435c	20	36067861	41580747	-	1	0	0.32146477	1	1	subclonal
PD26435c	20	41586900	47704039	deletion	1	0	1	NA	NA	no_sub
PD26435c	20	47705236	51269797	-	1	1	0.8821094	2	1	subclonal
PD26435c	20	51270980	57004879	-	1	0	0.60901265	1	1	subclonal
PD26435c	20	57005467	62955706	normal	1	1	1	NA	NA	no_sub
PD26435c	21	15279154	48100711	normal	1	1	1	NA	NA	no_sub
PD26435c	22	16852667	51237063	deletion	1	0	1	NA	NA	no_sub
PD26435c	X	1455800	5592630	-	1	1	0.792598194	2	1	subclonal
PD26435c	X	5964261	34185873	LOH_6	7	0	1	NA	NA	no_sub
PD26435c	X	34519787	54401485	gain	2	1	1	NA	NA	no_sub
PD26435c	X	56269846	120448878	LOH_4	5	0	1	NA	NA	no_sub
PD26435c	X	120759192	155235472	gain_3	4	1	1	NA	NA	no_sub
